40.72143 4.804733
14.47304 1.551954
-2.060886 -0.5134647
14.93003 1.605117
52.8732 6.352115
-0.6368337 -0.3340434
-21.46055 -2.995561
16.50625 1.799113
-5.716222 -0.988891
53.89623 6.365676
6.906169 0.5928719
-6.657782 -1.111988
40.86765 4.835893
-7.396644 -1.210935
57.14628 6.841168
-5.353724 -0.9355858
-16.2412 -2.401993
16.58582 1.750382
51.88016 6.212188
37.90254 4.459417
55.12335 6.593647
-11.37396 -1.77174
11.43067 1.111009
26.81796 3.091038
56.8425 6.769049
54.25701 6.524138
7.718049 0.6774987
-18.10185 -2.56726
41.57544 4.932526
-7.647206 -1.281036
-2.404614 -0.5700428
35.58614 4.151955
22.10523 2.385651
-13.04783 -1.897374
36.20534 4.254468
43.90612 5.136688
49.48637 5.905465
40.27129 4.735687
-16.50898 -2.362009
48.91668 5.801785
10.5435 1.014297
43.38026 5.160554
5.200899 0.3834654
-0.2918729 -0.3243288
14.66074 1.580284
4.643278 0.3272951
12.29313 1.253299
24.43354 2.737399
25.34704 2.914547
53.32043 6.291733
29.19904 3.305604
50.67006 6.066102
-5.702911 -0.9835044
-16.74861 -2.350661
17.51383 1.938014
17.24093 1.897133
34.38713 3.920886
15.65076 1.692773
0.1204098 -0.2787858
22.82488 2.579813
0.9876561 -0.1930877
16.48312 1.804963
30.60098 3.566736
31.272 3.631495
45.00045 5.306022
15.82313 1.722696
52.94116 6.337072
-6.356391 -1.06318
53.5234 6.423976
-1.454895 -0.6832668
12.01184 1.234147
17.63267 1.945104
-0.5373236 -0.3621763
-21.6122 -2.954995
8.30792 0.7697236
-19.45913 -2.685408
-9.15265 -1.409877
-8.333635 -1.300972
43.82959 5.227746
21.54325 2.427491
-18.70791 -2.611153
-7.798972 -1.238765
4.213457 0.2279668
36.76355 4.257787
-8.936099 -1.377337
15.62025 1.645422
42.42781 5.044143
47.32879 5.637066
35.601 4.191081
-4.861304 -0.8674821
-7.248078 -1.240618
48.27524 5.779429
7.980197 0.6997494
-8.766121 -1.417132
-14.54605 -2.075879
-5.422299 -0.9329063
5.208972 0.3427322
44.76818 5.322464
-17.26589 -2.410573
13.29563 1.345833
