3.090892 0.1357955
24.42232 0.8141114
14.99119 0.661622
3.158675 0.1617026
2.723461 0.1130441
52.74676 1.135028
2.986783 0.1854426
2.133585 0.01270541
2.2891 0.0400019
2.764637 0.0857693
3.327465 0.1702289
4.298569 0.2264584
4.78047 0.2574123
10.99149 0.4846456
3.517232 0.2299982
7.450859 0.4676745
5.363944 0.3070709
11.79798 0.5967771
10.08538 0.5012757
3.052743 0.1923996
2.144789 0.03259592
2.170364 0.02588268
6.977134 0.4098244
4.329695 0.2267944
2.236671 0.02678748
1.999873 0.001225057
2.023712 0.007176504
2.272909 0.01884431
3.054985 0.2138894
4.410943 0.2653868
2.45173 0.08097149
15.64353 0.6739955
2.3032 0.04901785
3.511031 0.2349118
7.404826 0.3178641
2.784371 0.1298393
113.2358 1.352699
3.609548 0.1417306
3.931305 0.222108
2.896165 0.1384211
2.905454 0.07611737
2.826225 0.04708403
3.071134 0.1599523
5.245744 0.3124419
1.92875 0.01472982
1.872211 0.00884861
2.505839 0.1385712
4.511555 0.2832249
12.0409 0.5870266
13.78378 0.6714193
1.974122 0.04267486
16.25173 0.7251161
3.380619 0.1635078
2.265071 0.03323413
3.771556 0.1661989
2.076028 0.04904174
3.07209 0.1395991
6.111032 0.3661913
6.742993 0.3799571
3.007919 0.09272558
6.102554 0.3454994
1.871961 0.008401046
10.44473 0.5430527
4.329043 0.2468231
6.4994 0.3720546
2.440233 0.02835994
2.410491 0.03390467
5.864773 0.4126273
3.205752 0.1575177
3.020745 0.1470611
1.947097 0.01352979
2.926843 0.1220636
2.75793 0.08607278
9.417469 0.5090673
3.432335 0.1798894
36.30214 1.000184
2.264913 0.07944176
2.876424 0.0713444
2.229814 0.01519521
2.106013 0.002392195
6.284138 0.3196975
1.655553 0.0051376
3.048349 0.1303471
6.37667 0.3978965
5.392413 0.3542874
4.882266 0.2689275
2.728891 0.03278403
5.631594 0.3286403
2.746286 0.1511174
2.178465 0.002168937
3.119165 0.1139273
2.765103 0.09354928
8.04756 0.4625388
2.971315 0.134376
8.465616 0.4578098
1.994275 0.001377502
2.737474 0.1272076
2.275992 0.08393359
2.396621 0.1084961
3.968733 0.2523922
74.57997 1.24895
2.270344 0.01251031
2.832216 0.10976
2.332247 0.09274898
2.181665 0.0797054
4.583345 0.313891
1.923511 0.0009471109
2.604435 0.03173792
5.787773 0.362937
2.985083 0.06008107
18.33238 0.6539776
2.246869 0.02353056
9.49535 0.532355
72.96856 1.212438
6.520319 0.3204033
3.274155 0.1471492
9.969953 0.5629496
3.690173 0.193166
2.029831 0.01999099
16.03965 0.6940045
3.522712 0.2413327
6.58505 0.3901078
14.69441 0.7103508
6.064533 0.3899363
3.240655 0.1511826
2.55982 0.06056387
3.347816 0.1918654
2.62208 0.04836424
3.434691 0.1333529
7.101408 0.3976742
3.799519 0.2412172
4.130677 0.1950277
5.099086 0.3147897
12.17059 0.5820731
2.600001 0.05806285
2.613695 0.08484202
3.682052 0.2027715
2.155017 0.06295457
2.220833 0.05315218
2.891602 0.09240882
4.515245 0.317581
4.950345 0.3185732
3.726323 0.2198824
4.771559 0.2890811
4.100433 0.2130787
2.046927 0.05951084
1.928879 0.0009035185
2.297714 0.04846258
2.809001 0.151894
3.238105 0.1627768
6.329308 0.3235405
3.133857 0.1442013
2.282314 0.05833867
73.85292 1.1782
4.221021 0.2409122
2.464343 0.108052
2.63545 0.07060244
4.72878 0.3057219
5.322242 0.3292118
2.386805 0.06557284
2.629302 0.05502615
5.731981 0.3219122
3.680348 0.2146812
3.240405 0.1663739
2.225557 0.06221896
3.814973 0.1535215
2.706517 0.07336934
24.21212 0.74006
9.240501 0.5390855
2.388728 0.01684599
5.325936 0.3297745
5.513314 0.3424999
20.90708 0.735043
4.500172 0.2555593
3.325832 0.1873429
4.793007 0.2934229
2.96514 0.06904267
6.900225 0.4415891
2.676586 0.1163983
2.136085 0.04719011
12.53314 0.5665094
2.882561 0.1332221
5.028286 0.3111248
3.045835 0.1303675
4.856734 0.2959712
17.29375 0.6888966
2.032932 0.001289334
3.051782 0.1514854
3.651867 0.1858618
20.61377 0.8363277
7.740931 0.5138856
10.40101 0.6264043
2.067856 0.04013171
12.57755 0.626495
2.310097 0.06959436
2.438189 0.1133569
37.04892 0.9887592
2.564506 0.04875698
2.63003 0.09038284
2.094978 0.01625064
3.527935 0.1498215
2.593069 0.09558104
3.450564 0.2153431
4.549897 0.2934964
6.164611 0.3560011
2.271117 0.03576253
2.346999 0.0123802
1.794077 0.01807342
2.240107 0.05294391
2.93111 0.1316316
2.886955 0.1556737
2.578933 0.05286944
2.591408 0.07741405
3.340496 0.1147286
2.829587 0.08818402
16.39347 0.7034844
5.699708 0.3465537
4.204125 0.2309329
2.653429 0.07400105
2.427183 0.09113439
2.440279 0.1079531
2.268923 0.06771294
2.417428 0.1120957
3.150154 0.1490667
4.554272 0.2556064
12.99487 0.6015417
4.285517 0.2292858
3.014321 0.1058869
38.93707 1.01326
2.310208 0.05915042
2.813412 0.1019908
2.575315 0.04489804
6.955471 0.4485712
10.84542 0.5768864
3.258009 0.1738823
5.267249 0.332992
6.142073 0.3830024
9.95971 0.5465543
2.215992 0.01536593
2.304795 0.04847713
39.12741 0.9924636
2.560816 0.06204998
4.700269 0.3171388
3.161141 0.1459535
5.026392 0.3018027
9.246992 0.498513
12.71712 0.6103186
3.699697 0.1982813
6.040763 0.3673916
3.034785 0.1671882
14.87766 0.6693532
4.293641 0.2695876
1.877964 0.00903928
2.634996 0.08290717
3.460761 0.1578989
4.397795 0.2542507
2.609976 0.1378585
2.834143 0.2192144
3.420043 0.1973874
10.90908 0.4792787
3.323756 0.1572563
3.370448 0.2283839
19.19677 0.6956512
4.036279 0.2185579
6.705917 0.4290438
2.693936 0.07084166
2.705314 0.08763754
2.58398 0.06549244
2.294371 0.001137951
1.956467 0.02479808
16.30129 0.7159049
5.929545 0.3849364
1.902141 0.003509682
2.609307 0.0624282
1.963784 0.02245345
4.987188 0.2632322
2.644867 0.08198643
3.770689 0.250775
2.839162 0.1053645
3.571366 0.1809012
3.668463 0.2310888
2.243224 0.02752091
8.498827 0.4788795
4.435746 0.234482
2.512891 0.1129607
17.95712 0.7314307
2.49943 0.04140326
1.850501 0.05563896
4.19687 0.2700034
4.369346 0.2920985
2.957482 0.09640122
2.037554 0.01438933
2.69051 0.09071879
3.547786 0.1873911
15.14749 0.6624922
2.746311 0.08973391
7.09183 0.4692797
2.265 0.09958517
4.041679 0.2675137
2.280177 0.04698477
2.260798 0.05146392
2.538028 0.1096316
3.471963 0.2254447
118.7206 1.349675
1.983785 0.006986247
2.226501 0.03246194
6.45671 0.3997288
1.924698 0.01236539
14.3192 0.648079
3.635029 0.2373762
4.142371 0.1863114
2.476271 0.06862037
1.993103 0.02499046
4.977757 0.2970601
116.9161 1.356051
1.7202 0.01658915
11.62446 0.5797216
3.324312 0.1732823
20.91847 0.79247
2.325528 0.07735037
1.751222 0.009078171
3.687144 0.2177895
4.742611 0.2925264
3.864473 0.2063985
1.92223 0.04100671
2.476788 0.08755546
3.113396 0.1051267
4.200121 0.2383862
3.463033 0.1582219
3.004158 0.09334529
3.385907 0.135752
10.7556 0.5420167
5.668413 0.296142
2.865316 0.1258053
2.214731 0.02364942
15.02499 0.7010951
2.045388 0.005879854
8.494993 0.5139624
4.23841 0.2244964
3.155421 0.1477474
8.376305 0.4433116
8.279299 0.4539239
8.672254 0.4704238
7.591474 0.4124488
4.339486 0.2701331
3.771773 0.19756
59.49423 1.133465
7.181342 0.4310286
8.506837 0.4728142
5.657024 0.4079833
2.847596 0.1383584
5.423217 0.3293967
28.74598 0.8626139
2.145632 0.02378792
3.868495 0.2827476
3.578065 0.1118401
9.376818 0.5425646
2.358361 0.07439771
2.04587 0.01647219
5.035699 0.3347776
5.085432 0.3034182
2.2372 0.03235681
7.180483 0.3827048
2.189348 0.002067333
3.89936 0.1804557
1.920226 0.05634073
6.670597 0.4242642
1.804629 0.01444595
3.118871 0.1327764
1.934921 0.06550979
2.60532 0.08004862
4.090461 0.2401835
6.05144 0.3720457
1.910664 0.01639885
6.679934 0.4272349
7.043698 0.3975075
2.118982 0.0647425
16.42246 0.7206148
3.52175 0.1832841
2.873499 0.1077062
1.971253 0.01590511
3.305708 0.1627859
2.132989 0.02549482
2.459875 0.07237032
2.352308 0.02577542
2.628064 0.07414226
3.021342 0.08223705
2.866207 0.1149581
14.72606 0.644953
2.189069 0.06218116
2.674942 0.1320949
6.630467 0.4150361
6.144766 0.3483611
2.201157 0.07215396
2.095614 0.02174995
29.95691 0.9131254
3.986954 0.1795414
9.505109 0.5410709
5.197776 0.3481896
38.78623 0.9879875
9.800245 0.5843834
2.217819 0.03640065
4.297705 0.2401311
2.668382 0.05024844
7.0235 0.4138819
14.52676 0.6204404
48.38247 1.098886
38.93775 0.9521398
2.535283 0.04457839
4.3296 0.2310582
3.241447 0.2631726
3.209578 0.151756
3.297017 0.1650761
1.856106 0.01260114
2.278633 0.03797139
3.002017 0.08802503
6.681882 0.4170799
1.94815 0.00970053
3.556839 0.1720596
3.868256 0.2481768
11.95544 0.6105039
2.49337 0.01317003
3.113745 0.1753413
1.847163 0.05831528
2.043261 0.02108796
2.930817 0.160544
3.622431 0.186604
1.811335 0.01023967
2.462671 0.07534271
2.506873 0.06371945
3.091431 0.193189
2.681089 0.06240585
54.92062 1.099713
1.864108 0.01003576
2.809363 0.08541994
2.637806 0.08806927
2.221255 0.007904831
8.51751 0.4678314
2.769398 0.1125858
2.482477 0.105524
5.649906 0.3069281
1.649002 0.01426047
2.757778 0.06314015
3.61631 0.1872895
7.93346 0.5066916
2.312276 0.01589498
5.317792 0.327291
3.041868 0.1246132
2.017826 0.01970029
10.02203 0.571218
2.148065 0.04732523
2.963055 0.1256167
4.157801 0.2940815
4.090031 0.287169
2.940725 0.1604334
2.093679 0.02796056
6.250375 0.3628689
2.570637 0.05821757
2.982717 0.0510237
2.145393 0.005556702
14.61577 0.6477017
2.545044 0.07729419
4.388759 0.2826786
4.340749 0.2421527
3.042225 0.1850492
3.485603 0.2291177
2.964471 0.1472806
4.159748 0.2893158
2.924732 0.102981
2.369551 0.1049704
2.672376 0.08826406
4.798751 0.3400548
3.411995 0.1619125
3.832632 0.2122646
1.832 0.03548626
10.74276 0.5532444
6.402926 0.4002777
6.798223 0.3773122
3.077255 0.08204204
3.040914 0.1473436
3.790126 0.1664385
3.417835 0.1482075
3.375068 0.1246927
2.000228 0.01219817
2.824633 0.1036202
9.014996 0.4832075
3.47918 0.1612215
2.099005 0.0733612
10.81891 0.5691477
2.279218 0.09280113
5.633919 0.3557275
2.504214 0.070832
6.171124 0.3462337
2.440113 0.0445647
2.14641 0.003147527
2.062758 0.01153168
21.8433 0.7939481
3.548832 0.1660834
4.972777 0.2692875
14.58129 0.5862121
