-2.11726 0.1751018 1.404434 -1.111254 1.287932 0.1547336 4.072976
7.373375 0.1391963 -1.010043 3.275395 0.4317821 -0.03240369 2.299591
18.26506 0.7738426 -3.210026 1.932584 0.4092302 0.8046175 1.234664
2.32 2.164532 1.767406 0.3346647 0.3666739 2.023703 1.000261
24.36416 2.472946 -3.451959 0.6933269 0.4337285 2.453791 2.81118
12.93176 5.205882 1.453288 0.2882367 1.209392 5.127953 1.413703
29.98788 4.085326 -3.679231 0.112488 1.040679 4.135254 3.838238
-6.475078 1.228473 3.261715 -1.077025 2.090535 1.294972 0.6339585
0.2258324 0.8625442 1.369256 -0.1716306 0.5296985 1.021538 0.531734
32.38683 8.157362 -1.186321 -0.7212595 1.993711 8.207731 -2.965182
-6.887869 0.7707174 3.071723 0.6490343 0.1003064 0.7295898 1.935492
9.280833 1.236226 -0.6027106 1.97039 0.9494088 1.349483 2.907307
6.167898 1.136665 0.05647772 -0.411031 0.06496934 1.198588 4.742588
-9.152495 0.2062963 3.188004 -0.244959 1.552646 0.2044898 1.525443
3.054247 3.557677 2.659659 -2.248184 1.590079 3.561664 2.782879
4.096239 0.127008 -0.1460983 -0.3533842 0.1453144 0.1522417 1.81437
4.600883 4.035609 2.59008 -0.2556572 0.1725134 3.96605 1.946489
-2.485924 0.4891847 1.750409 0.6023879 1.516376 0.5682255 0.9175059
6.316838 1.486545 0.2569972 -0.3865845 3.461715 1.462961 1.631721
39.42781 8.037565 -3.077386 0.8920967 1.014115 8.001282 3.802916
14.54241 7.043596 2.39827 1.74099 0.1260022 7.043881 3.642206
23.45022 2.162086 -3.478179 -0.6146158 0.2694718 2.081088 -0.2933196
22.47876 7.859418 1.028927 -0.8392961 1.900855 7.775553 2.896639
2.309301 1.15033 1.093509 1.536828 1.536388 1.195805 0.7175804
-0.2745652 0.09366466 0.8588003 8.279556 2.229225 0.03461534 0.2164351
-9.876178 0.60345 3.72897 0.2601478 2.713895 0.6996673 3.892914
20.48166 6.653903 0.6784905 0.8864216 0.5897241 6.879585 3.39031
17.63467 0.9957306 -2.940322 -2.859636 1.254058 0.9438532 0.279708
12.69332 1.268896 -1.485712 0.843907 5.8605 1.088004 2.634665
7.600055 0.391878 -0.8735224 0.3069581 3.178014 0.2748711 1.389791
40.81799 9.157405 -2.647019 3.341561 0.7667382 9.020107 2.829848
-4.887468 2.18876 3.556319 0.2161329 5.912467 2.032777 0.5896614
3.959773 1.498423 0.7810926 0.8070764 3.154367 1.312945 4.483744
39.38555 7.551961 -3.408659 -0.4469758 1.330818 7.494294 -0.1500339
-2.222461 1.24056 2.234717 -3.057714 0.9636723 1.241283 -0.638001
22.75717 2.748028 -2.86391 3.187558 1.815682 2.820068 2.210069
7.097115 4.415074 2.263355 0.5921944 1.007003 4.304303 4.737128
16.51212 0.2944035 -3.110068 -0.03090833 0.6329395 0.4475594 0.6394687
14.42515 1.276741 -1.896494 1.367639 0.9443201 1.302927 2.668351
2.94319 1.490218 1.211007 -0.6814983 4.906009 1.663766 2.221302
6.998357 0.4591958 -0.6198115 -1.348212 1.26573 0.5676009 -2.047226
20.90064 1.354676 -3.490979 -0.2348254 0.4984324 1.306091 3.310251
18.68523 0.8716791 -3.236955 0.8998896 1.589706 1.053674 1.438675
-3.811475 0.06874058 1.709533 1.350907 0.3349296 -0.07137381 3.521082
10.65186 1.079109 -1.092362 0.6822435 0.2915188 1.025134 0.09410277
-4.085011 1.5751 2.992326 -0.5301223 10.08448 1.557057 1.781922
4.387776 1.498445 0.7442558 -0.4739102 1.708827 1.556283 5.761748
5.326184 1.281426 0.3738372 1.17214 2.022359 1.345539 -0.447485
2.373107 3.728271 2.921443 -0.4349968 0.9801727 3.617989 2.243832
0.7031198 0.8037612 1.148463 0.8899129 0.7182667 0.7402093 0.9256384
15.32774 1.837992 -1.624617 1.073935 1.403847 2.034631 4.475828
14.14716 3.998496 0.2404995 0.5637775 0.3518686 4.163716 0.6163761
-5.4508 0.3574013 2.352365 -0.9275863 4.359779 0.2860294 -1.358445
17.41971 2.868411 -1.393765 2.369212 3.298211 3.097313 -0.6707512
17.6939 0.2219525 -3.480551 0.1407092 0.3152516 0.3757499 3.14149
0.830635 1.099758 1.344698 -2.819709 0.5886102 1.239917 1.602132
18.94448 1.593677 -2.755665 0.9908984 0.438199 1.702617 2.097436
0.5766969 3.276712 3.114741 -0.8835641 1.775286 3.410762 1.391102
3.695607 0.2822372 0.009606818 0.2790971 0.858494 0.2055714 1.717068
4.774632 0.9245997 0.2306697 2.805164 0.1750747 1.025875 2.757283
1.613197 1.395779 1.414744 -0.2415445 0.1791013 1.258091 6.897733
-4.141863 1.285743 2.743151 0.1857849 1.081073 1.392025 -0.8270839
12.53816 3.362478 0.09348805 -0.5309503 0.1321352 3.230025 3.643955
17.88733 1.299348 -2.787771 0.09860867 1.170231 1.108869 -0.9085283
9.051444 1.30634 -0.544096 -0.3877988 1.992188 1.205929 1.451464
-2.462873 1.02497 2.144183 1.226861 0.1750747 1.145772 2.158445
-9.554255 0.3200588 3.431383 0.4774037 2.419844 0.3656831 -2.376927
23.66728 1.624212 -3.968085 -1.722837 0.7279092 1.509427 4.415321
-4.695847 0.6236881 2.423325 0.9300375 0.5927221 0.6063256 2.207699
22.30016 4.100848 -1.742128 0.7030373 0.8856365 4.159367 2.545995
10.99518 3.615485 0.7470965 3.935296 0.5662873 3.756321 2.821938
38.78449 7.803571 -3.100532 -0.1598822 0.5263927 7.720599 -1.555605
18.99929 3.296312 -1.571197 -3.087535 0.9564732 3.22841 5.202075
-8.719418 0.2413203 3.106279 -0.8003944 0.6661141 0.1715018 2.72634
7.030677 0.5549218 -0.6163585 -0.1428609 0.4441757 0.6061494 5.020541
14.72469 2.860965 -0.7583321 -2.384108 1.08804 2.94136 4.33775
9.342131 5.630646 2.616706 -0.4225654 0.1124495 5.458847 0.5328375
3.351858 0.9441577 0.6005069 4.139463 0.2419188 0.9881008 3.625197
13.22563 0.456309 -2.197901 1.323571 2.185329 0.5454879 4.576323
33.28771 8.100844 -1.553185 2.983169 3.043504 8.050809 5.548847
-8.760873 0.241854 3.118163 1.593216 2.483918 0.213747 1.570159
-3.34363 2.498346 3.49082 0.2160675 0.4363703 2.561298 -0.7103453
-3.749943 0.6728313 2.231535 0.8159791 1.604361 0.8243501 4.109057
-10.73942 0.1201155 3.50385 0.955478 0.4212137 0.1393326 -3.783583
18.10584 3.976824 -0.8620619 -1.086545 0.5823351 3.6647 1.493753
15.37031 0.8536289 -2.412107 2.380174 0.2354164 1.017184 4.436341
16.98201 0.9786452 -2.802324 2.024596 9.657543 1.017258 4.976768
13.69508 3.510255 -0.0225943 0.7868769 0.5034068 3.516026 1.027152
22.78066 2.742365 -2.879776 0.8926829 0.6859833 2.778939 1.027848
13.12014 2.554598 -0.6494243 -0.04198963 4.684302 2.422347 2.646995
-3.463085 1.310156 2.626169 3.542234 0.8013835 1.285016 2.17033
-10.71434 0.425525 3.755366 -0.4714221 1.155653 0.3738559 2.769881
12.37215 2.348075 -0.5451845 -0.4849283 0.7735312 2.341896 5.604779
17.58789 1.146262 -2.781258 0.5026172 0.5249407 1.102357 2.473696
34.98395 6.171427 -3.293981 0.6323893 0.0710772 6.346945 0.6705386
3.883939 4.017201 2.708826 1.624818 0.9231171 3.894052 0.01302791
16.04933 2.780905 -1.229911 1.938977 2.722352 2.587943 5.730643
12.79479 0.1945283 -2.270261 1.19183 0.3399644 0.2162406 -0.9842694
-8.034043 0.5383036 3.168794 -0.1839549 1.426948 0.5395137 4.695266
50.56588 13.79729 -1.540849 -0.3443098 0.8824782 13.7695 1.569291
19.28547 2.143613 -2.449878 1.397977 7.361305 2.150616 -2.327442
1.106086 0.9558856 1.190065 -1.392703 1.311394 0.8067357 6.644727
10.44302 1.72237 -0.5615756 -0.1822312 1.930956 1.893943 2.002887
-3.911017 2.874351 3.870604 0.7106036 1.151712 2.811084 3.603823
-11.51628 0.1568738 3.707941 -1.350599 2.373455 0.06864906 0.9638737
15.50647 1.03226 -2.326824 -0.05997894 0.490323 1.111751 4.80991
-4.483106 2.453093 3.720201 -0.02531366 0.6771687 2.404626 0.2932524
1.581614 4.004736 3.332255 -0.03962497 0.4311559 3.905068 1.968098
-4.997194 2.212683 3.647396 1.050918 0.4918444 2.314142 -0.2111082
18.09066 0.8612304 -3.147246 -1.060582 3.028273 0.8652589 -0.4114646
-4.876539 1.836019 3.379248 0.05901018 0.6757831 1.861857 -2.536655
0.2435094 0.4193725 0.9711356 -0.248138 1.27286 0.4639249 2.231143
25.36593 12.52643 3.814817 -0.2986976 0.6844862 12.52701 3.159315
15.07801 6.242103 1.731344 1.372383 0.9640797 6.47886 7.352073
-5.189571 1.305551 3.038109 0.5633651 1.63938 1.377259 2.949292
19.92322 0.5243058 -3.854537 2.081134 0.9822253 0.4234439 1.672991
6.618234 0.1219015 -0.8302044 -0.7125767 0.5109923 0.1459239 2.667855
-10.33921 0.5515027 3.716501 0.3385271 1.175452 0.4792947 2.079647
-4.361829 0.5095743 2.244002 0.7577343 0.6836762 0.5525986 -0.9399595
25.63019 5.28454 -1.654621 -0.3850263 1.35601 5.387536 5.226799
-11.67975 0.1935791 3.830019 1.000242 2.434243 0.2776962 -3.440638
18.77116 2.543685 -1.980924 0.2238742 0.8278823 2.598412 4.029194
27.11122 6.623305 -1.043277 -0.08414485 0.5633758 6.764026 1.110168
9.206566 0.04203707 -1.519977 -0.1189958 0.3160281 0.06967283 1.186575
39.52558 8.185486 -2.948297 1.747305 3.033992 8.267327 1.549735
1.520242 1.245777 1.30817 0.1755175 0.6159294 1.313923 3.414276
-2.730556 2.520583 3.265507 -0.08108268 0.5882228 2.388899 2.617966
22.90214 1.565115 -3.829162 -1.630996 0.9112872 1.344383 2.704554
-8.961444 0.5036496 3.389257 -0.06069604 0.07864415 0.5705058 -0.5360178
32.52901 5.584427 -3.145947 -0.3514982 3.507059 5.755113 1.786827
19.3899 2.261817 -2.399271 -0.2303941 1.665521 2.157884 1.43554
-2.355703 0.1982915 1.538948 6.747336 0.9387969 0.2522766 2.803179
17.64364 1.852424 -2.322826 0.1757381 0.151926 1.645325 2.704268
6.413273 5.488904 3.272254 1.14877 0.2301343 5.539319 0.3802695
11.37783 1.711701 -0.7754834 -1.299426 0.2975239 1.753314 4.927451
-8.609788 1.091799 3.818311 -0.3250374 0.68757 1.253689 1.787287
23.26713 1.634536 -3.833417 -0.4811057 1.072847 1.695348 3.821224
-2.403607 0.7330208 1.905485 2.013732 0.5206545 0.6752294 4.046346
2.400293 3.165931 2.471665 -1.718318 0.1500204 3.05709 1.063751
-10.81232 0.2379117 3.631396 -3.160199 1.60634 0.2974176 6.215367
7.693452 0.08823948 -1.146032 0.6867896 1.13671 0.1014671 0.78024
-4.414635 1.941678 3.298433 0.6631779 0.2641957 1.972793 0.3900223
20.95877 1.451262 -3.497687 -2.262976 0.2695097 1.206575 3.632925
19.89377 2.010392 -2.771176 -0.4302957 2.318962 1.734173 1.450523
32.09292 10.47834 0.6271987 0.338941 0.4663747 10.59929 0.9609158
0.9391015 1.588082 1.705297 1.900137 5.603797 1.56079 3.59364
-6.260781 0.3191877 2.580897 -1.831821 1.913456 0.307896 -0.6403844
2.241657 1.390098 1.261909 0.5499804 1.860385 1.621556 4.415228
7.691005 0.8254683 -0.5969919 -0.8500748 0.8880241 0.802053 1.94168
18.96269 0.3497634 -3.741139 0.8567525 0.8020878 0.3248489 2.128943
6.422772 1.225243 0.07343628 0.6267122 1.03509 1.247358 1.858089
14.15539 0.7430224 -2.230317 -2.445991 9.078846 0.7836482 0.6685101
19.71726 0.5867223 -3.752467 -0.1120828 1.742234 0.5358895 5.034605
41.10456 8.326208 -3.26393 0.3445412 2.476554 8.363085 4.918282
4.986886 2.297487 1.269152 -0.359718 0.7798563 2.403812 0.9981787
10.33124 0.4361873 -1.518906 1.216166 0.8037887 0.2870622 7.305413
25.39807 5.081644 -1.775907 -0.6634756 1.213123 5.075625 1.98828
39.6484 7.301286 -3.639797 0.9761821 1.295845 7.42933 1.636963
-10.32005 0.2155822 3.500811 -1.512883 0.3109079 0.2710674 -0.03199565
5.525619 1.876111 0.8207774 0.4260848 1.231224 1.982587 1.845717
-5.230082 2.343424 3.836354 -0.2292309 0.972883 2.278717 -0.2440741
7.080495 1.389121 0.04615251 -1.729163 0.261884 1.351738 -0.1997955
29.45934 4.246736 -3.442083 -0.5178675 0.6831393 4.247491 -2.502042
3.289998 2.07998 1.48246 0.9588924 0.5886082 2.037364 3.96134
18.21799 3.597202 -1.077654 -2.241524 2.059373 3.725212 -0.4042382
27.17578 5.224958 -2.114995 -0.02490891 4.691196 5.27621 1.210152
3.192376 0.6253401 0.3920931 -0.4630349 16.24944 0.7570512 1.047338
14.73523 0.06840772 -2.913126 -1.048665 3.553104 -0.01873016 4.338954
16.93607 5.407858 0.5998627 -0.3062873 13.99845 5.395848 2.784203
19.8197 0.4842129 -3.887054 0.4111231 5.623448 0.3545119 4.517237
3.032772 0.2208092 0.1709221 -2.399876 1.15221 0.2303637 0.7628888
27.47959 3.229557 -3.714591 0.4679754 3.801501 3.167245 0.478673
36.87449 6.102065 -3.85436 -4.109878 0.3389119 6.210252 0.2085832
32.64574 10.1397 0.1585285 0.9097812 3.820224 10.15737 0.7414523
8.463666 1.346948 -0.3389427 -0.3965965 0.7794783 1.340921 5.641421
19.03242 1.415533 -2.95485 -0.9809692 0.6921431 1.503535 1.11338
-2.790267 1.357463 2.518687 0.1396788 0.2730336 1.44344 1.262921
13.01155 0.512856 -2.099578 -0.3882609 1.981334 0.6219852 0.9705169
15.81164 0.1818436 -3.073669 -2.506924 1.035269 0.1466586 1.988361
16.39262 0.9942738 -2.565148 -1.195191 0.8817823 1.201384 -2.410591
13.86989 3.932814 0.2153302 0.0598127 0.7138579 3.881087 2.629023
9.577583 0.1600047 -1.576458 -0.757135 1.455695 0.07054659 3.215499
4.537399 1.072192 0.4331835 -2.445038 0.3303346 1.120808 2.249116
16.27629 2.604537 -1.40102 -3.627709 1.152102 2.435091 3.675971
-5.313329 1.285614 3.028908 0.03236761 4.724032 1.303233 1.367632
-1.935223 1.864092 2.587407 1.080681 2.094264 1.857656 0.5854464
1.231937 3.411894 2.985744 -0.4476039 1.065538 3.359466 3.735826
9.074491 0.5572768 -1.029579 1.22596 0.4136453 0.692383 0.2963265
10.02621 0.4175785 -1.430864 -0.07450099 1.895753 0.4397825 4.141244
11.94323 1.856744 -0.7893777 -0.5241309 1.391813 1.962425 1.697924
10.4758 1.230929 -0.9774429 0.9432625 0.3365115 1.123621 -1.935143
6.49736 0.3217299 -0.6091394 -0.1262231 0.6339612 0.35265 -2.358923
0.8259041 3.298187 3.051585 -0.8086619 1.613748 3.429779 1.448645
7.856691 1.913085 0.2290591 1.493865 1.010773 1.962346 3.980758
-0.7722825 2.99215 3.103639 0.2653722 7.364336 2.845965 3.83863
4.513699 0.441085 -0.02051099 -6.223813 0.6649296 0.3791263 2.061614
22.15631 4.55343 -1.357416 -2.210869 2.497155 4.492952 0.4087864
25.88885 3.121956 -3.370977 0.3733671 0.7876375 3.110392 2.488367
10.98903 2.087046 -0.4486665 1.472458 1.24505 2.102676 2.789836
44.97856 12.46317 -1.135493 0.2349788 5.922017 12.55728 5.209044
36.80585 6.17226 -3.825754 0.8391749 0.7805574 6.159846 -0.2456743
21.48479 4.560096 -1.246945 0.567084 0.9113171 4.441659 -1.223134
4.516335 3.260988 2.095603 0.09677665 7.571903 3.292383 -2.110338
13.27801 0.1009739 -2.466494 -0.717373 2.093902 0.04487871 2.56121
-6.189838 0.1175353 2.415773 0.001095856 5.505667 0.1322258 4.243153
23.55616 2.368386 -3.372343 -0.2241798 0.5347263 2.418881 -0.6332268
2.342219 1.07408 0.9079231 0.2655536 0.06814738 1.01479 4.627467
18.95912 4.062653 -0.9581705 0.2267287 2.745074 4.072328 3.709096
22.6614 7.796275 0.9896132 1.135483 1.515016 7.943192 4.608089
0.004771915 0.8927602 1.380354 -0.4198038 1.381723 0.8729177 2.397624
16.79306 0.554015 -3.059543 -0.9149881 1.053086 0.5675287 3.763818
-2.545163 0.1241985 1.447805 0.746814 8.911348 -0.01785348 -1.819369
34.50237 5.369202 -3.870826 1.761165 0.676852 5.414846 1.948275
41.23761 10.69598 -1.598442 0.8503442 0.7125936 10.63186 1.846684
5.42816 0.562509 -0.1513219 -1.155601 0.6907092 0.5107778 1.796058
1.098163 2.774253 2.517144 0.09136572 0.3735843 2.729297 0.6574474
-7.688744 0.3579218 2.963512 0.4588987 1.044917 0.391451 -0.1710029
31.26281 10.99198 1.218994 -1.863033 2.374958 11.04646 0.5825876
2.254032 1.652965 1.42193 1.488049 0.1439982 1.657631 5.761066
8.370554 3.298189 1.100105 1.266484 1.143983 3.247828 2.558295
0.5934964 0.6668383 1.049318 -1.065521 2.307197 0.6032134 0.8832861
48.05142 10.00678 -3.785452 2.642 0.5453745 9.882972 5.179772
-5.233901 1.662879 3.326472 0.9935107 2.736221 1.758373 0.6737257
16.77559 3.317823 -0.9827945 -0.548136 1.187815 3.165204 0.9942067
18.692 2.098872 -2.345339 -0.4417667 1.727762 2.123766 -0.8613522
4.500119 0.5050285 -0.04285192 -2.949663 2.403466 0.3925269 6.112625
7.96434 0.9606582 -0.5746197 -0.1506608 0.5526445 0.8923469 1.8391
27.9465 5.242818 -2.300887 -1.56271 0.2335794 5.129817 1.315287
22.25396 1.207532 -3.917099 0.1703529 1.78845 1.205583 0.8139295
13.23153 2.969423 -0.3477182 1.074859 0.1957869 2.944268 2.026236
11.10367 1.290827 -1.000182 -0.5904182 1.848453 1.393923 0.1135944
-5.2767 1.288153 3.006556 -0.009004735 0.7663308 1.145092 3.006008
4.706795 5.739849 3.856913 -1.34407 2.507296 5.680163 -1.181788
23.35875 3.429064 -2.469792 2.082771 1.146038 3.61854 3.804095
10.41474 1.966883 -0.4630015 -2.042987 0.7229136 1.825278 3.135543
-5.482494 0.9732648 2.862512 0.4544473 3.338319 0.9414374 3.001904
2.07047 3.312138 2.725641 0.5234981 3.003392 3.272636 1.945158
24.11962 7.993371 0.6875302 0.6544527 1.237127 8.011578 0.8749506
13.26282 2.205211 -0.9252823 -1.075265 0.9258411 2.285284 -2.267227
-0.2899995 2.633254 2.829063 1.038163 1.458137 2.686404 2.856408
7.208187 3.179316 1.393526 0.02269437 1.101834 3.240399 0.6077807
2.508168 4.69406 3.602844 0.1516229 0.3735987 4.64942 1.822761
-10.47146 0.3725305 3.682464 -0.1653372 2.554823 0.4249614 2.276947
20.98832 3.530037 -1.846988 -1.388676 0.0230552 3.607273 0.4613249
-4.551834 0.379028 2.176702 -0.7663287 3.567962 0.4215398 5.747387
-0.03442071 1.242748 1.747695 -2.196384 1.496928 1.350925 6.768487
21.42216 4.828029 -0.9707834 1.104111 0.4308209 4.903083 0.9920448
-4.758292 0.6267304 2.437026 -0.2756607 0.6711605 0.6572509 2.676853
11.79386 0.8704538 -1.565593 -1.433578 1.903764 0.7853037 0.1601182
-3.504549 0.677652 2.148539 -0.9132432 1.29828 0.6819598 4.613346
8.265616 0.03245984 -1.254799 0.4228225 0.3303575 0.09773416 1.30152
20.20135 3.9897 -1.310835 0.04872986 1.323216 4.085904 -2.399886
8.826328 2.544068 0.4228863 0.4608864 1.12194 2.404707 6.213518
9.368164 2.559805 0.3972326 -0.6679968 0.4167849 2.759184 1.0372
13.19225 2.579112 -0.6294077 -0.9349164 1.316034 2.594739 1.198723
7.900033 0.2616847 -1.024746 1.093406 0.9628275 0.2388974 -0.8620862
28.75677 3.75662 -3.628387 -1.114037 0.1679843 3.767996 4.52349
4.820697 0.2799799 -0.219085 0.3135939 2.017314 0.2116019 2.485983
10.78408 0.1036663 -1.830775 -0.3146298 0.7349297 0.2998344 2.808245
34.50977 5.646804 -3.703573 0.8999557 0.9452155 5.511324 2.97796
11.08821 0.7292759 -1.572674 -0.1584271 0.1006357 0.6192404 0.6386257
22.11804 2.761126 -2.773985 0.05765525 0.4694666 2.693436 4.430849
35.23064 7.857468 -2.142767 -0.0596065 3.802256 7.997935 1.269234
10.71691 4.798223 1.703355 -3.332607 10.38076 4.849288 3.036649
4.627952 0.5042941 -0.0121586 0.4746426 2.384595 0.5754637 4.128812
-9.032756 0.2797377 3.173019 0.2314789 0.3584015 0.2671202 2.786259
18.17051 0.4964325 -3.349348 -5.245777 1.198429 0.5026741 4.888364
15.50811 0.2470733 -2.977112 -0.8256363 1.752235 0.09877514 0.8388023
27.01378 4.025215 -2.997351 0.420022 0.7785591 4.099982 2.147453
-3.951916 0.109453 1.793881 -0.4672408 0.8883005 -0.01171777 1.80127
10.33559 0.4550492 -1.537099 -1.204157 1.833147 0.2032917 2.525699
12.15299 2.59277 -0.3517896 0.3707594 4.281314 2.5745 0.3470544
-2.932058 0.06005388 1.462154 -1.31844 1.851825 0.03376126 4.523496
3.168244 0.110594 0.02159251 -0.05546305 1.022555 -0.08359227 1.001002
-4.287288 0.9533429 2.487699 0.8315099 2.829477 0.860364 2.077617
8.438228 3.779945 1.466415 -0.5958532 0.29756 3.704603 2.710055
22.19419 2.160839 -3.134261 -0.3363335 0.7858072 2.167409 6.446792
14.97744 1.767483 -1.624306 1.532657 0.5079629 1.855057 -0.8279113
0.7799422 2.228322 2.251751 2.241636 0.1577669 2.127633 3.678825
-3.850191 0.2427205 1.907286 -0.9553487 5.620153 0.367945 1.781741
8.292559 0.8541767 -0.6424695 -0.09930185 0.2532549 0.9611811 2.344588
-0.2257866 0.9083226 1.481949 -2.023735 0.8081874 0.8388742 4.463685
1.890394 4.027766 3.29791 1.661032 4.496197 3.97204 0.7289994
-8.736921 0.1685615 3.089254 0.1379031 0.04827727 0.1402485 1.747139
6.094625 1.730996 0.5269724 4.184098 0.7421159 1.781945 3.189759
12.41232 0.07518389 -2.301571 -0.2625124 0.6591114 0.05627543 0.2379363
-5.253706 1.498531 3.224263 -0.08542012 0.7364411 1.485005 3.418992
11.90109 4.334079 1.024709 -1.186897 0.3349628 4.344793 2.769627
-5.541915 0.471033 2.449574 1.565721 6.202092 0.4163077 1.498731
19.98869 8.829286 2.394159 -0.594124 0.630778 8.827364 2.425675
6.325304 4.91791 2.874435 0.5363293 2.879189 4.985505 0.6455023
8.92828 1.959772 -0.005222635 -0.09459231 0.2820431 2.108689 2.415879
22.06879 2.595182 -2.909705 3.033049 1.350932 2.363135 1.608702
6.382235 0.4621944 -0.5210443 -0.2972385 2.435574 0.4260454 3.268999
4.512994 3.021337 1.848702 -2.208526 0.7129876 3.000478 4.985785
23.57965 2.56883 -3.279144 0.3291902 0.3056539 2.435101 -1.60987
-8.804796 0.4016057 3.247768 -1.527252 1.088883 0.481363 4.004452
10.7164 2.36349 -0.2059304 0.4473595 1.458425 2.297428 2.124606
14.21158 3.837188 0.06173525 -0.3454147 1.2389 3.809038 4.098895
0.4704988 0.0673857 0.6612524 0.5525883 1.569218 0.06329034 3.973875
9.853376 0.604953 -1.283735 -0.6218406 1.142774 0.5420223 2.785413
-10.24169 0.918669 3.974414 0.7055473 4.001962 0.9675787 3.830426
16.41352 0.3937371 -3.044354 4.442176 2.083551 0.4466199 0.2819923
10.25949 3.277553 0.6154152 -0.1846417 1.665864 3.179938 0.7836222
3.143968 0.0745661 0.01705969 -0.2043713 1.253497 -0.06470416 1.853404
21.94846 3.040409 -2.445194 -0.07184395 0.7740364 3.034362 5.16305
9.913274 0.4346793 -1.388609 1.386351 1.611659 0.3920451 0.2633992
6.301827 0.4508294 -0.4957678 0.7729434 1.012217 0.3918177 3.234136
-6.84054 0.9347313 3.162229 0.2872226 0.7852402 0.9964741 0.5569224
22.54925 2.174643 -3.23549 -1.035021 0.7273251 2.273711 4.138902
8.476971 0.9729104 -0.6469517 2.230681 1.174158 0.8980699 3.37047
25.53681 4.380728 -2.324257 -1.057267 8.518184 4.433395 0.5211838
5.054806 3.001749 1.707572 -2.868813 0.3765841 2.918002 4.304863
13.58443 5.300679 1.346183 1.064302 1.270386 5.421658 2.703822
-9.448435 0.003283979 3.097352 -0.6012711 0.4127978 -0.1140568 2.542407
10.48605 4.063305 1.149964 -1.405706 0.6093435 3.978383 4.004798
-3.019034 0.9247006 2.161186 -1.261259 3.382856 0.9033639 1.208372
0.1620785 0.1814003 0.8451673 0.406011 0.2648936 0.1514625 2.935724
19.95186 1.974168 -2.772594 -0.3812217 0.1674475 1.987416 3.278509
1.987039 4.06567 3.324453 0.4257335 0.3212353 4.003023 1.488424
5.467291 1.496011 0.5238025 0.04775182 1.518624 1.565519 1.048977
-1.972138 2.925469 3.412307 -1.178877 0.5464909 2.846381 3.283969
18.6488 6.370351 0.888424 0.8020097 0.157228 6.476303 3.455042
21.13762 4.373265 -1.251858 0.6733566 1.078969 4.31052 2.297714
7.095131 1.999969 0.5445726 0.1781226 0.357893 2.148072 2.554704
-8.795151 0.2336509 3.094005 -0.356786 0.9438172 0.1986305 0.4151079
32.67672 5.057248 -3.571317 0.3565196 7.469293 4.977626 -0.008222434
-8.833529 0.7644247 3.484218 -0.2398852 0.9496245 0.6348842 1.492893
20.58905 6.606321 0.5236969 -1.54319 0.5873097 6.50462 -0.3509977
-4.755811 0.37613 2.179423 -1.034593 0.5500254 0.2732557 2.844917
22.6043 1.267452 -3.964762 1.589762 1.451837 1.155715 -2.78788
11.1162 0.2822778 -1.765135 0.9097817 4.806874 0.3494018 1.149811
22.17123 6.864944 0.3261248 2.654781 0.7834839 6.738017 -0.2200702
22.60834 2.192286 -3.286528 -1.092334 0.351403 2.086865 2.030626
12.82475 4.078579 0.6026934 -0.8697537 10.86532 4.044003 -2.546884
-2.574312 0.6123549 1.846708 -4.170624 1.781745 0.5916266 2.554038
3.162109 1.25081 0.8652282 0.490343 0.2574767 1.111372 2.067997
22.17886 6.433207 0.01224753 -0.2998377 13.03886 6.275171 0.6380526
0.1718214 0.8269877 1.350898 0.06431404 4.376843 0.8092506 0.39861
5.507917 3.37594 1.873178 -0.1776824 0.749165 3.370316 4.403615
16.5227 0.5310474 -2.983476 0.5627586 0.3654275 0.6297166 3.147939
18.94231 0.3401613 -3.725306 0.3542834 1.687449 0.3236132 1.996539
41.05355 7.920167 -3.574718 1.275488 0.2139131 8.007893 -0.4024171
2.078905 1.801845 1.590497 0.1560985 0.6072997 1.812209 -1.448991
20.27931 2.168367 -2.69232 0.4944303 3.596071 2.156069 -3.701298
9.792709 0.9148628 -1.015677 0.7402781 0.5020769 0.7693286 1.553757
7.309183 1.632494 0.1059661 0.6890979 1.358346 1.404148 -0.2274496
13.0793 0.6342487 -2.037325 -1.587693 1.091052 0.7319323 1.977586
14.40278 0.4630855 -2.449376 0.5596302 1.399536 0.5024328 3.405621
14.39692 1.431917 -1.826588 0.650416 0.5299994 1.568018 0.3393323
21.29433 1.344001 -3.57108 0.9503774 1.098002 1.305466 4.588386
23.41717 3.330373 -2.637477 0.2569344 0.4860779 3.34857 2.860834
12.02534 0.7613549 -1.640584 4.018058 0.487306 0.9072452 1.612779
-1.969399 2.441908 3.06983 -0.1044941 0.5201865 2.415004 2.06377
11.5002 0.440427 -1.79286 -0.8943098 1.289683 0.3819808 2.72113
0.998684 1.612056 1.632164 -0.9645079 3.460436 1.453651 -0.8525286
17.29293 1.115829 -2.727779 1.208436 1.712376 1.100675 1.297827
-3.334057 0.7266866 2.174118 -1.334489 0.09953545 0.745081 4.061556
-0.7848821 1.97204 2.353324 -0.4477742 0.5733592 1.820168 2.223889
-0.6447403 1.821242 2.261925 -0.02036396 0.06022561 1.713059 1.534737
13.16144 0.5488359 -2.132519 0.1696362 0.8408136 0.5066176 3.093696
-10.09584 0.3573464 3.550629 0.417375 2.799958 0.2722776 -2.480259
8.530399 4.236482 1.784852 -1.006537 17.50017 4.339548 1.388377
12.42555 1.865795 -0.9036689 0.5261075 4.489941 2.048959 0.2732154
-10.46775 0.4590882 3.721964 -2.645893 1.501607 0.4495321 5.111794
-7.207442 1.89784 3.940878 -0.2071414 1.402314 1.89582 4.70972
24.83217 2.612536 -3.516062 -1.708208 0.9399108 2.536469 2.604977
6.36641 2.822349 1.229982 0.4761215 0.5228813 2.656782 4.183826
16.09052 4.844352 0.4168875 0.732959 4.1249 5.065296 1.420947
2.653487 0.8895171 0.7578167 0.3590937 3.135034 0.9610346 3.095893
0.4954255 0.7254865 1.17689 1.195593 3.049933 0.7082847 -0.741138
9.623535 3.0595 0.577273 0.9960792 0.6908649 2.859306 3.694224
14.0331 2.294154 -0.9381678 -0.913727 0.2612605 2.49214 3.091328
-0.5297911 1.409546 1.940316 0.5958636 2.731655 1.438165 2.64378
7.442461 0.6380118 -0.6242953 -0.7085512 0.1887704 0.5139464 1.684789
-0.5405781 0.6490588 1.375323 0.7126515 0.8472548 0.550423 3.962462
6.997361 0.1160121 -0.9282977 2.763163 0.1733533 0.08673379 4.564196
18.23451 4.446645 -0.504046 0.9386134 1.52017 4.311645 0.6724938
19.37601 1.698466 -2.832394 -0.5904181 0.8829458 1.780165 -2.493989
17.20542 2.803415 -1.459584 -1.40093 1.270644 2.704069 1.202582
17.67169 7.590627 1.988156 -0.5282557 0.3656381 7.514915 4.01686
13.5034 4.236213 0.5732611 -0.3734853 5.884506 4.40507 1.218427
16.57617 4.477949 -0.05089831 0.8917638 0.5194224 4.482548 0.4566552
20.77781 0.5998768 -3.953853 -0.8768792 1.275497 0.5680779 2.062148
-5.086934 2.277235 3.756333 -1.300347 0.6109135 2.342957 1.697472
15.31604 0.7497461 -2.535426 0.4069535 0.8101702 0.7095737 3.053926
12.04052 2.894768 -0.07603138 2.330289 0.7799362 2.975524 3.043698
1.670529 2.477206 2.163152 0.8923556 0.7251038 2.266677 0.9021258
11.84914 0.2697646 -2.033628 0.4499724 2.282133 0.2410283 2.238788
4.759906 1.889258 0.9523431 0.4246861 3.196627 1.803045 1.501308
11.32513 4.459968 1.208947 0.06604161 4.722651 4.440413 0.8958058
-2.693341 1.182667 2.333176 1.715694 6.623089 1.328413 -0.5079134
10.54294 0.8114191 -1.310932 4.499532 0.2897423 0.8723407 2.529087
13.71743 1.044384 -1.883909 1.685702 0.884565 1.104644 2.975506
26.10375 2.820497 -3.705424 -0.8075328 2.066349 2.702914 3.43195
17.01704 5.648076 0.676423 0.4418693 0.9538173 5.568778 2.532846
-7.898147 0.1136148 2.831633 -1.20877 1.142122 0.2638279 1.730754
11.73046 0.3509738 -1.841537 -0.4990459 1.437456 0.5656107 -0.2433804
36.50871 7.055317 -3.018757 -1.047351 1.106936 7.157649 3.313899
5.841951 0.5633302 -0.2168396 -0.3266233 0.2968725 0.5701896 1.1714
35.94932 7.446723 -2.663518 -0.8110547 2.152958 7.430427 4.861452
20.60788 4.893125 -0.7866756 0.5660587 1.676457 4.807285 4.4197
22.62726 9.495686 2.200141 2.640727 0.9953485 9.510551 4.344968
-2.599995 0.2100507 1.554357 0.3264665 1.488566 0.1833884 2.396247
-11.90595 0.122774 3.786828 -1.906676 2.467218 0.0006079147 1.133936
2.75545 1.154776 0.971417 -1.239013 5.591547 1.314147 2.768105
17.5669 10.18246 3.999743 1.066913 2.301911 10.2484 -0.662561
-3.860682 0.3738994 2.040878 0.1921703 0.5823553 0.5375744 2.759207
11.09362 0.9710744 -1.282911 8.750686 0.9838774 0.9915904 5.607906
10.53191 3.10121 0.4601012 -3.961049 0.4058837 2.994508 1.863198
-1.154244 1.500584 2.145002 0.04755587 2.585483 1.364297 4.350414
7.465043 1.676789 0.1410557 0.5975269 0.3810944 1.579826 1.257055
14.06774 0.08788469 -2.704263 2.418742 2.771209 0.05012258 3.775418
16.01029 1.88763 -1.771141 1.84392 0.1835687 1.947371 2.912267
13.79223 2.46824 -0.8100183 -0.4513223 1.024966 2.486652 -2.091015
3.815359 0.9420608 0.4478518 -1.283945 1.856802 0.8528263 3.546641
5.811807 2.675227 1.313229 -0.6317978 1.094895 2.720507 1.271688
21.16459 2.887917 -2.390535 -0.8027632 0.2453658 2.90588 2.540472
3.213113 5.097105 3.745407 0.6825352 1.765607 4.911842 -1.582006
-0.0509659 4.11688 3.819986 -1.337913 0.87596 3.967013 1.941832
-6.000485 2.196859 3.918236 -1.27313 0.6684399 2.090999 6.813633
19.73461 1.574273 -2.948236 0.449504 0.9827406 1.735495 2.373402
33.48746 4.947697 -3.95535 -1.381175 0.9243967 4.865832 -0.9293655
5.15833 0.6893988 -0.07593795 -2.851927 0.16815 0.6474838 3.186085
7.124167 1.079481 -0.2217465 -0.07111322 1.806168 0.9990662 4.885717
-2.156368 0.686346 1.752276 -0.271374 2.256713 0.5130254 0.3451576
21.95598 4.119883 -1.618375 0.8974242 0.7563199 4.081302 4.18053
-0.6949641 0.3215311 1.172482 1.036374 0.5699389 0.4963785 5.902708
3.118827 2.02974 1.443524 0.2810276 0.4551422 1.955109 1.163242
20.23871 3.546869 -1.670969 0.1662719 0.2746995 3.580715 -0.08219875
21.06802 0.9227192 -3.894443 0.01156418 1.096113 0.8265501 0.1682888
13.94076 0.1374223 -2.638026 -0.4326212 12.62759 0.1077626 3.163964
33.54097 7.675816 -1.874348 -0.07085106 0.9666955 7.743409 -1.077699
15.53828 4.019124 -0.1395083 2.152219 0.6956206 3.920974 3.825167
-1.722261 2.786368 3.238048 0.8660308 3.604614 2.881276 0.2312353
14.69375 1.220985 -1.991968 1.571384 0.6264985 1.124906 0.9914241
32.99619 9.255335 -0.538632 -0.6272395 1.441847 9.255682 3.225946
21.16926 1.028404 -3.787027 0.948249 0.4723642 0.8171384 0.03475804
13.60112 2.864111 -0.4894776 -1.775441 1.477361 3.017119 1.853894
5.501832 2.698685 1.396805 -1.804098 1.887747 2.728893 -1.11956
-7.631817 0.06255559 2.694206 0.1021731 0.3773244 0.01012795 1.167997
24.73236 1.969818 -3.934169 -0.9013051 0.4698873 2.134074 2.650056
-3.455777 1.695201 2.847063 1.424398 0.9876218 1.589927 2.396001
6.382359 0.07706101 -0.8345339 0.8022638 1.343031 0.03334067 2.535076
21.81465 3.983323 -1.649085 -0.7213661 1.781941 4.070746 3.513958
32.43043 7.701419 -1.57946 -0.9395904 0.5954834 7.737457 -1.870958
1.806877 1.298624 1.285753 -4.874391 2.166346 1.263815 -0.05616941
18.80889 4.282946 -0.7848076 -2.098137 2.395443 4.103502 3.048318
25.19018 3.450367 -2.996705 -0.2258697 0.6182929 3.400064 3.5079
-6.926008 1.990293 3.986606 -0.3755291 1.634143 2.012574 2.204276
-7.652365 0.9629835 3.400768 2.587992 1.397454 1.150292 1.772123
2.183981 2.299441 1.995559 -1.536319 0.273317 2.327789 2.255838
1.739996 2.294324 2.037537 0.4662381 0.2676206 2.29629 0.3021659
21.91619 2.848462 -2.572357 -0.691868 0.7296766 2.810079 2.423772
15.59025 0.1494283 -3.02453 -0.5165528 0.1829213 0.2318156 -1.042463
19.27041 3.920591 -1.114918 -1.278575 2.362741 3.902933 0.9091667
13.38689 0.8157897 -2.011217 0.2813203 0.14362 0.8322791 -0.3530187
7.376446 6.153757 3.609938 -0.6699324 2.814339 6.28762 0.6730299
1.834391 0.6435164 0.8223882 1.31162 1.032569 0.8391117 -1.920684
-9.084079 0.06395864 3.10815 -0.1365023 1.16642 0.1476244 -1.384899
-1.268513 0.03152633 1.127426 -2.345792 2.722705 -0.03325247 1.076957
27.46046 7.265492 -0.7135875 4.75472 1.722094 7.027516 -1.231483
10.4446 6.435263 2.965969 0.2661958 0.3488538 6.49847 3.782016
21.70895 7.051335 0.5452064 -1.232264 4.746314 6.916272 0.9086733
31.01427 5.372433 -2.939291 -1.736611 0.04847915 5.443101 1.225195
-11.20466 0.5578429 3.962626 -1.652036 1.100282 0.5055849 1.167486
-6.877043 1.151132 3.348838 0.3530076 0.8327267 1.212738 2.684662
11.65048 1.300001 -1.158426 1.227205 0.28148 1.325755 1.50762
-10.50569 0.2952857 3.599103 0.2413601 2.459257 0.3550257 1.825906
-1.428053 1.932897 2.624327 -1.374785 0.09800398 1.997298 -1.203108
-3.272994 1.14003 2.393867 -0.7964269 0.398099 1.144565 4.129783
3.539882 4.537993 3.277037 1.301996 1.2079 4.590749 1.10789
5.85371 3.437928 1.880003 0.2779445 3.21038 3.497578 1.823155
27.28204 4.649156 -2.616156 0.2065499 1.678233 4.526662 0.4722704
-5.595341 0.5591746 2.579742 0.5396401 1.2013 0.5920966 1.10063
1.452644 3.195397 2.828374 -0.9304683 0.3379517 3.228578 2.606847
16.4163 0.5234666 -3.006556 0.9502184 2.499788 0.436565 0.5917939
37.47061 8.627052 -2.157891 0.3329907 2.781747 8.636906 4.231065
20.99246 7.20818 0.9581286 -0.0789394 1.23489 7.287462 0.9648743
4.877058 3.243972 1.954474 1.167367 1.832123 3.132457 3.473449
12.31907 1.479768 -1.249017 1.14649 0.4045676 1.314039 2.054925
6.977612 1.912269 0.4187473 0.2773121 2.659727 1.996476 1.58855
-11.37056 0.3595803 3.856062 -0.9820746 0.7142396 0.3695352 3.375316
13.7902 1.534872 -1.558341 -1.237924 3.179278 1.556635 3.317214
37.08211 9.075997 -1.756172 2.946345 0.3528067 8.902215 -1.857773
1.618439 3.928163 3.297912 0.639103 0.5183487 3.952091 1.623273
38.42776 8.92668 -2.134335 -0.2017129 1.549993 8.945379 2.428652
25.11706 4.333326 -2.25804 0.7721006 3.739677 4.401975 -0.2813464
-1.925429 2.015922 2.765366 0.9389398 0.08694232 1.908631 -0.8107826
-0.3124509 0.8515769 1.362068 1.571833 0.3610494 0.70103 -3.030853
2.783105 1.796862 1.340498 -9.14946 0.4342018 1.651587 -5.994751
1.477728 0.4268483 0.6938345 0.09820617 2.11872 0.3618113 5.136479
6.995388 2.355802 0.7749203 2.72024 0.9798324 2.226506 -1.065176
11.48107 0.7137759 -1.53693 -2.096166 3.365271 0.8145684 3.545989
18.20434 0.9469973 -3.074909 0.6279429 1.605758 0.7746404 1.566617
-0.6806685 0.7097266 1.480394 -0.1206755 0.3621387 0.6936093 4.950779
-6.016261 1.804001 3.619103 0.2537372 0.3437253 1.905081 0.1699609
1.56348 2.00231 1.864791 0.04075924 0.4659894 2.091938 5.795139
23.92625 4.958443 -1.519202 0.7269645 0.8828323 4.934647 2.248507
11.82663 5.236253 1.683536 0.5197291 0.5912387 5.107731 4.895861
17.89462 0.6865867 -3.229308 -0.1337772 0.7883812 0.6231326 -0.5065526
-2.920225 0.1976069 1.635658 -0.357301 0.3218899 0.3373891 3.962087
-11.6738 0.05264022 3.691398 1.797482 0.3366446 0.05957516 0.3472942
16.35063 3.80041 -0.4653475 0.5655909 0.5401414 3.935427 1.728111
19.62756 1.819351 -2.753018 2.372073 1.198389 1.867115 -2.984659
13.44363 0.9722853 -1.896784 -0.06607974 0.8965568 0.8715825 0.1103809
11.30998 1.19313 -1.136105 -1.690916 0.4243201 1.302527 7.902229
12.99102 0.9603316 -1.750954 -4.820166 0.6746986 1.033384 0.4641223
16.04785 2.982615 -1.011025 -0.8093499 1.033848 2.99183 6.247584
6.519812 1.606325 0.3348498 0.3066634 0.3127967 1.631277 5.059047
19.03016 3.152351 -1.674067 0.01327643 1.544209 3.186199 0.07053613
10.37593 1.518767 -0.7315719 0.3748011 7.196597 1.509385 2.006858
8.87331 1.020731 -0.6228428 0.09925643 0.3573467 1.069615 3.46542
19.13292 0.01329968 -3.959529 -0.5063867 2.775109 0.1860413 2.685781
9.973648 0.2067824 -1.592487 -1.405603 0.3445843 0.2490773 5.562135
-7.685745 0.6191762 3.098414 0.9335868 0.8597544 0.6961128 2.946424
14.03229 3.623605 -0.05630281 -0.4583127 1.909684 3.605431 6.607201
31.47901 4.526777 -3.68136 -0.4550089 2.607204 4.678056 4.541715
14.01402 3.488572 -0.1185687 5.650082 0.6292001 3.589116 0.6968046
8.742482 0.1529364 -1.388138 0.3912648 2.005515 -0.01136046 3.006298
1.126506 0.9199793 1.152903 1.240964 0.1726805 1.029569 0.2783677
6.340037 0.8121151 -0.2415041 1.627644 2.059819 0.7779245 4.180791
4.035773 0.2768517 -0.04290202 -2.12008 4.017794 0.205031 3.831316
20.83006 1.499401 -3.27757 -0.4391117 1.523988 1.684417 3.884546
2.220965 0.2731715 0.3721163 0.5710503 1.115991 0.2275425 2.950093
4.991298 0.2931918 -0.257345 0.2249978 0.2310974 0.2598731 2.289529
14.49505 2.057062 -1.389463 0.5231897 0.3132434 2.033135 3.402289
-2.33236 1.519063 2.490969 0.7606998 1.542238 1.599453 4.421754
34.97221 5.721863 -3.715865 -19.6493 2.285953 5.703455 5.174193
8.548853 0.7857767 -0.774837 0.1576926 2.687465 0.795522 2.808903
22.19329 1.836001 -3.475186 0.9867195 0.2920452 1.79595 3.770881
17.74995 3.764439 -0.8091395 -5.701741 0.864035 3.844968 3.098949
18.29239 0.3945328 -3.532644 0.7713416 5.232309 0.4448846 -0.6772935
7.307584 5.687883 3.182387 0.8749855 1.357487 5.619059 -0.09703369
25.73574 2.414853 -3.809574 -2.667148 1.498188 2.53146 1.821161
2.338974 1.315363 1.156136 0.3164467 9.608249 1.458733 1.7548
26.63058 3.349122 -3.454159 1.334962 1.147514 3.180538 3.281017
31.50686 7.988145 -1.156178 0.1559684 1.233898 7.974404 0.6117898
37.42618 6.919189 -3.367463 -1.400569 1.353671 6.994521 7.468681
8.841047 4.704384 1.99736 2.366211 0.5958485 4.620726 3.357297
1.622071 1.511297 1.519456 -1.717717 0.7522469 1.507869 0.3911283
16.70169 0.8721275 -2.799705 -0.7812558 1.642049 0.8915501 3.427252
10.88617 0.4249925 -1.654263 -2.729541 0.3297504 0.4147492 3.239955
18.45812 2.822018 -1.754563 0.460637 3.175024 2.862932 2.705582
9.527472 0.6847973 -1.16772 0.9381081 0.938792 0.4421473 4.45262
25.56788 5.302261 -1.632857 0.4356106 0.1737461 5.363878 2.80106
3.84877 3.937633 2.723351 -0.9321807 3.631544 4.034269 -0.7038521
11.29913 0.3364242 -1.852575 0.2240469 2.168731 0.2046941 -2.231178
11.44032 0.3325533 -1.871637 0.2770989 1.753317 0.3792834 1.287967
10.30861 0.385427 -1.591419 1.315793 1.466296 0.1438707 3.699831
39.07241 6.70941 -3.995216 -1.219562 0.9401227 6.635694 0.9284158
17.03351 2.078069 -1.933112 -2.10412 1.493375 2.062956 1.140709
0.2705914 1.102871 1.514721 0.6503303 0.5928952 1.050061 2.498397
24.91293 3.869601 -2.59306 4.461478 1.622108 3.829215 3.339903
1.09137 0.0908412 0.5339985 0.1556602 0.2786702 0.09617616 1.718671
18.03294 2.7899 -1.683064 0.05874485 0.8174845 2.796059 0.6234255
6.177117 2.517744 1.140763 -0.9445077 1.104267 2.59766 0.6441483
5.672356 0.6222556 -0.3003123 -3.485683 0.6103091 0.3734646 4.915322
21.82127 1.074964 -3.90947 -0.4077018 0.5818668 1.02291 3.480072
7.894535 0.1732979 -1.115987 0.6218491 0.2536324 0.1136786 1.440835
20.06749 6.769484 0.8029541 0.4803393 0.2956547 6.813513 2.352369
-1.695301 0.3660771 1.483532 0.7903525 0.3183832 0.3775788 1.954824
8.509368 0.3001323 -1.133681 -5.563859 0.6317393 0.4319035 2.461783
22.06689 4.62119 -1.298284 -0.6594541 0.3769396 4.707869 -0.4100947
12.6831 2.880421 -0.3076715 0.2405266 0.2721773 2.705974 1.094605
9.570708 0.9959952 -0.879462 0.7611473 0.1095086 1.047835 1.956379
19.48633 1.274176 -3.196927 0.6656027 1.304422 1.348701 0.5746036
-4.695881 1.930479 3.393913 -2.563001 1.295631 1.985083 5.586966
4.853743 1.599648 0.7832599 2.169251 1.235804 1.660502 1.280701
-6.245351 1.214501 3.282113 0.1316749 1.71567 1.302092 2.914994
15.12468 0.4580979 -2.717415 0.6268606 0.1761485 0.3392185 0.6431876
11.8583 1.267536 -1.222331 -0.2560629 1.651298 1.417163 2.50766
37.04663 6.054347 -3.971501 -0.4108761 15.71272 6.105574 1.996043
14.04899 0.6300053 -2.325522 3.622162 3.053486 0.5473836 -1.155321
16.04253 0.9312839 -2.611559 2.338271 8.568965 0.8509051 0.2204357
16.22219 2.058387 -1.717728 -1.214588 0.333347 2.149646 1.80711
22.22957 2.271081 -3.113399 -0.8302105 0.1591798 2.233541 4.631726
-9.112752 1.10944 3.851333 -0.3004489 0.318888 1.109159 -1.087193
-7.282168 1.147075 3.491226 2.649301 8.155861 1.314633 6.469364
4.466426 0.8753333 0.2876364 0.6462179 1.633834 0.8099052 2.997327
-0.7686685 2.243319 2.603855 0.2065501 1.449345 2.057696 2.898187
18.80563 3.026677 -1.725967 -0.0391932 0.6289674 2.960131 2.825915
13.75126 0.291979 -2.498413 0.04452775 1.507465 0.2015156 0.892741
15.80955 1.899363 -1.817397 0.1503922 3.002385 1.830961 5.170915
7.51665 0.8622409 -0.4057347 0.7533731 0.4408917 0.9922853 0.02423998
10.27565 3.237949 0.5735306 -0.34958 3.134156 3.080388 1.529245
19.67249 6.759006 0.9279961 -1.138548 0.9114685 6.830179 0.2078823
21.423 3.647192 -1.864782 -1.40096 0.159757 3.633186 1.692218
21.13689 0.7850908 -3.962324 -3.288551 3.180718 0.7465683 2.861971
33.87706 6.782511 -2.633123 1.491232 1.212595 6.796837 2.735271
20.96233 9.383306 2.603076 0.003769747 0.7856506 9.390491 5.560088
-7.146267 0.7171003 3.091037 0.9901807 0.2628253 0.933811 0.9158061
3.832526 0.02711231 -0.2013871 -0.4854509 0.5374844 0.1468423 0.3910496
12.60112 2.56386 -0.502172 -4.341774 0.2007837 2.448379 3.282733
10.95631 6.918775 3.230509 -0.4450376 2.187624 6.837525 4.278457
11.27767 1.258537 -1.17313 -0.1647245 2.315931 1.167638 0.8749125
12.96531 2.605963 -0.5392626 0.5516327 2.601317 2.616949 3.759867
-0.5134591 0.3590066 1.139609 -1.095367 2.216811 0.3013061 -0.8888076
-0.3998999 0.08262389 0.8726606 5.139521 0.9850532 -0.1750602 4.010223
18.25724 1.253416 -2.86649 1.684011 0.5380694 1.143147 3.295426
20.61544 3.728854 -1.599729 -0.746073 10.6066 3.706537 1.813816
-3.282673 0.5505237 2.015763 -0.01705807 0.4052881 0.6459335 1.224935
16.73019 4.188412 -0.3271633 5.487716 0.528668 4.150412 -0.1748207
15.30119 1.73892 -1.782457 -1.414707 0.4093357 1.635237 4.769002
28.10006 5.457528 -2.146894 -2.738891 0.4646936 5.530762 -0.01644132
15.38134 2.035638 -1.539916 0.5799475 1.398553 2.13415 2.9115
-3.212337 1.636904 2.791553 0.3836364 0.7903896 1.671585 -4.394478
11.76704 0.2003749 -1.997565 2.144505 0.1914786 0.3126237 0.8576934
22.93563 1.858054 -3.628157 1.282288 1.074804 1.729311 2.667923
33.63683 10.46605 0.1322755 -0.08159037 1.28089 10.40704 5.250555
-7.605164 0.6804406 3.192907 -0.2132371 0.4596044 0.7897137 2.170298
2.592709 2.230192 1.771535 -0.737454 1.205157 2.151651 3.416856
6.966431 3.110462 1.339244 0.2293725 0.07846417 3.081897 0.7462652
22.58825 4.797495 -1.321401 1.377785 0.05620139 4.677139 1.181676
9.634738 2.377349 0.0603643 0.7055127 1.054267 2.331563 1.092782
-6.07517 1.57124 3.423105 4.199975 9.185652 1.529382 3.509802
1.917794 3.943472 3.304623 -1.672125 0.264395 4.130963 4.858003
7.851986 3.93399 1.727545 -1.030732 1.027598 3.89363 0.6534382
17.18838 0.6850884 -3.016237 -0.2614971 3.178448 0.7543136 1.086851
24.44207 2.227601 -3.665592 2.397309 1.424167 2.301918 1.924689
14.1413 0.2711752 -2.557536 0.03040186 1.163287 0.2955909 2.208614
17.34281 0.01423036 -3.552477 1.365969 3.925507 -0.01454848 1.08435
-1.525543 3.42003 3.724328 4.461909 0.4621648 3.502314 5.058214
-9.96466 0.7668333 3.761228 2.564647 2.243052 0.5189668 0.311387
20.03915 4.008329 -1.243143 0.725726 3.570069 3.957567 1.244936
8.439348 1.462405 -0.2484628 0.7694337 0.4060534 1.564302 0.9011585
13.94769 1.319896 -1.719288 -1.124036 1.488866 1.371249 0.5898961
2.343595 5.007332 3.937147 -0.5610881 0.945024 5.031497 4.304014
7.504913 3.140112 1.214386 0.2325376 0.9599952 3.117456 1.691958
-9.341493 0.9135409 3.727987 1.559051 2.366975 0.9208086 5.48186
31.01023 4.532987 -3.576268 1.200196 2.205457 4.540922 2.846288
20.21822 0.7826373 -3.719768 0.4550158 0.4911131 0.8268255 3.582025
2.382749 1.154148 1.039452 -1.043538 0.6127009 1.241804 3.543618
4.761064 0.1726576 -0.3263127 1.628829 3.649623 0.1290469 2.08256
0.7812996 0.1281439 0.6543959 -0.9915683 0.9668922 0.06432462 -0.7884002
19.60655 5.79574 0.242079 0.03781071 2.408014 5.907137 0.4132261
8.106991 2.910002 0.896032 -0.7844923 3.177425 2.891634 1.659372
13.28906 1.776271 -1.276519 6.225665 9.405476 1.799534 5.030253
17.0608 4.049744 -0.4940598 -0.1518058 0.3060176 4.042913 3.192576
13.59382 0.01641275 -2.586782 -0.252467 1.411128 0.1093406 1.988582
14.03952 1.289871 -1.738056 -0.5280219 0.4349994 1.304924 1.911959
-7.632606 1.564158 3.884981 0.5133929 0.6778864 1.596804 1.338482
8.435399 0.3537586 -1.08963 0.3468613 0.5607547 0.4644022 0.7930552
6.260942 1.166333 0.03430713 1.076735 0.6689005 1.158607 3.254255
13.74376 1.204747 -1.767868 0.2645048 1.765569 1.184281 5.899195
10.73373 1.243828 -0.9930796 1.07107 1.227002 1.226703 5.634477
4.245843 0.3592089 -0.05043144 -1.120162 0.3341683 0.3230979 4.550692
14.76105 0.7861586 -2.335245 -0.6121506 1.977006 0.918282 3.387955
13.41512 1.348908 -1.562873 -0.7118549 3.315656 1.445116 4.191404
1.393235 3.144738 2.784664 0.2149563 1.673857 3.201102 3.425177
2.410544 1.638318 1.3965 1.114652 2.37219 1.676054 2.578554
17.79682 0.663068 -3.153645 1.269255 0.6496037 0.6787543 5.131066
15.72093 1.984343 -1.687595 1.525336 1.35097 2.045974 4.068864
-1.897249 3.292961 3.758272 0.859896 0.702013 3.405894 4.231145
1.222112 3.56867 3.122142 0.08918096 0.1692551 3.588228 5.113876
1.781942 1.626259 1.542678 -0.09163079 0.2040377 1.671058 2.802982
21.0606 2.800884 -2.411475 -3.697927 1.044715 2.707657 0.66651
19.27518 2.998522 -1.79899 2.231692 1.217037 3.077039 2.758878
6.418223 1.012892 -0.05992727 0.9989775 1.511593 1.075931 3.339053
11.93483 0.5994188 -1.731912 -0.9273784 0.5939496 0.7442297 1.143749
-9.978217 0.2640617 3.378062 -1.097075 1.195768 0.03582117 -1.937165
21.53907 3.892573 -1.671045 -0.2359036 0.7131198 3.97734 2.460134
21.59441 1.399819 -3.61688 -0.9982955 3.075503 1.331151 2.626711
-5.635747 0.8994331 2.816499 0.073655 2.256497 0.951583 1.274622
10.8194 0.03412135 -1.942333 0.465394 0.8872491 -0.01268142 -1.557673
11.96415 1.090383 -1.418455 -0.7200284 1.434508 1.034208 0.6476525
11.79401 0.6680091 -1.689345 2.303663 1.826032 0.7521563 1.056085
29.83323 7.79933 -0.887698 2.305339 0.6182857 7.698609 2.846208
-1.832312 1.416077 2.274731 2.712506 1.824202 1.510163 3.625443
22.75032 2.682573 -2.934969 1.2134 1.033503 2.615005 1.686008
17.61281 1.753403 -2.354379 2.22427 0.844288 1.61075 4.709722
15.76494 2.914858 -1.021695 -1.104726 2.288082 2.906735 3.564752
3.530918 2.14209 1.459693 -0.4876948 1.49916 2.014747 3.650236
0.6847243 4.320871 3.835966 0.1738539 4.398176 4.385983 5.320571
23.06942 2.629286 -2.97242 0.279948 0.9844916 2.824318 3.152275
-2.568253 1.202392 2.368422 -6.3297 0.3658924 1.318294 -0.2668824
-1.034509 1.49393 2.161607 2.330169 2.070534 1.546895 2.318376
21.08413 1.152144 -3.642839 0.9214083 0.6955239 1.14466 0.4468271
-3.335274 1.724087 2.873293 -1.213428 2.127516 1.680105 -0.6831861
13.87153 0.7476131 -2.16223 -0.3041784 1.535622 0.7153535 1.945953
14.46149 7.018732 2.394137 0.2942087 4.371782 7.000036 2.337472
19.15842 0.7089314 -3.47638 -0.7528664 2.748675 0.7626997 1.805133
17.03142 3.397482 -0.9935842 4.352524 3.637957 3.333808 4.117698
8.321018 0.7973865 -0.7414813 0.05964639 0.2592835 0.7615702 3.368428
-4.150368 0.4945768 2.122469 -7.020817 0.5747589 0.5041032 0.4852825
17.34915 1.470862 -2.504989 0.06465035 3.225799 1.37028 1.635106
41.8832 8.370881 -3.485667 -0.3024234 0.2280619 8.201242 3.263773
9.678321 0.2276681 -1.521475 1.207782 0.2097425 0.235994 4.026164
16.77029 0.4002903 -3.159737 -1.663692 0.2097596 0.4162782 2.365453
18.40572 2.060419 -2.219329 -0.6813293 0.8231322 2.217682 1.197922
19.89901 3.428136 -1.679262 3.350736 0.3097064 3.260091 1.069993
26.65755 6.752387 -0.8552351 -0.9413089 0.5993449 6.728995 1.661562
3.525488 1.032549 0.6051458 -0.04536759 1.310746 0.9643931 4.909877
3.711501 0.9809683 0.5865254 -0.8725925 7.531124 1.015454 1.973987
-2.859327 0.2031346 1.606078 -0.1237611 3.07465 0.3361096 1.314521
3.205903 1.918029 1.411785 -2.003923 5.027644 1.898966 1.831338
-0.8442092 3.301027 3.450872 -0.6382652 3.03451 3.297384 4.830986
19.35071 4.663015 -0.6065358 0.3270805 0.5309812 4.603144 0.3815757
18.0648 1.335795 -2.764547 -2.691015 0.6366734 1.299058 3.486096
21.28515 1.453751 -3.515027 0.08696145 0.7570546 1.326682 5.426382
32.45593 7.847129 -1.476804 -0.3282812 3.79615 7.789557 2.767872
1.522755 0.2545762 0.5509488 -0.04734632 4.171173 0.1488458 7.384681
20.59779 3.945815 -1.476644 -1.780058 2.064884 3.829065 1.745938
-7.153336 0.2763212 2.720615 -1.680424 2.353644 0.1744934 2.76723
8.817266 2.747446 0.5844111 1.392373 2.304641 2.760331 1.802943
22.51941 2.636169 -2.95054 -0.2928294 0.835972 2.63152 1.781117
9.445687 2.846197 0.5286145 -0.5395664 0.1205533 2.827211 2.436468
-7.987108 0.0777967 2.799074 -0.669601 1.498169 -0.02856837 2.213747
4.875418 1.718868 0.8556464 0.1425024 4.008669 1.755621 1.045639
11.81461 1.525691 -1.042328 0.3130475 0.6537095 1.579069 1.187729
7.969813 4.935026 2.445455 -0.3958554 0.5652498 4.754417 1.594894
2.212726 0.5784038 0.6913017 -1.127676 1.552967 0.6173554 1.871949
10.0078 0.6666734 -1.264814 0.01381046 0.3753364 0.8412072 0.6417732
-5.937676 1.028443 3.03018 0.9931495 0.3639264 1.120544 4.587396
14.96729 1.293061 -2.03019 -0.133645 2.063464 1.41246 2.931383
0.1554085 0.2026581 0.8399626 -0.8323134 2.424822 0.1142828 0.8219805
17.54089 0.2330109 -3.480089 0.7764893 0.2518873 0.2685355 5.934707
1.236815 1.104949 1.270527 1.8064 1.194996 1.03337 -0.4357547
5.482945 3.196331 1.793218 2.994107 0.1286165 3.20912 -0.5840439
20.1579 3.897217 -1.446033 -2.40407 7.841131 3.660412 2.734936
0.7675992 4.068838 3.568572 1.356719 0.5078436 3.98713 2.026054
8.096083 1.991104 0.2372165 1.895916 0.4760731 2.183038 4.298752
6.702187 2.293702 0.8104593 -0.2625039 0.8652891 2.312729 4.156886
25.02282 2.652992 -3.573785 -1.197045 0.1917839 2.408887 3.471964
-5.07875 0.6253075 2.472047 1.078167 0.946802 0.5976718 1.727372
-3.305579 1.561766 2.775659 0.1515244 0.2649857 1.542807 1.192188
20.22266 2.865359 -2.164165 -1.117818 1.279211 2.892767 3.084205
26.64392 4.429759 -2.625157 -1.243983 0.8259595 4.447419 1.709228
9.13221 1.475962 -0.4460995 -0.843531 1.000514 1.408193 0.4120386
39.85912 13.77228 1.1281 -0.5732086 1.827625 13.79765 4.213533
21.39574 1.167154 -3.718127 -0.01093357 1.712642 1.209258 2.174322
0.6561131 2.390719 2.351434 -0.9625797 3.029194 2.276471 -0.9803867
58.75906 18.14554 -0.3667348 1.000912 0.4540916 18.01494 0.4092411
-1.579067 2.284252 2.802205 1.087936 0.4561703 2.120093 2.509594
32.59546 5.695007 -3.062443 0.9757355 4.482156 5.871836 3.594074
-5.011495 1.604186 3.233512 0.3180662 1.382489 1.679684 3.41668
19.79996 3.133458 -1.855893 -5.02569 1.028518 3.109891 2.565802
30.4184 4.948694 -3.132892 -0.2289428 0.6943456 4.79665 2.487845
16.79034 1.542496 -2.272926 1.345507 0.6867617 1.62817 7.289646
26.80356 3.704513 -3.144916 -1.450816 0.7899293 3.771319 4.18687
4.970794 1.372302 0.5702141 0.8039938 0.2930048 1.58261 5.6044
-5.067947 0.3531062 2.261642 -1.579818 0.9229943 0.2677449 2.267026
2.434087 4.154884 3.237411 -1.229691 0.6318163 4.053175 0.3967405
10.97411 0.6987398 -1.460874 -1.672035 2.601939 0.787311 1.77844
31.53257 4.364027 -3.846245 -1.027767 1.779475 4.530397 1.787699
21.525 3.576939 -1.961405 0.3604852 1.932817 3.406578 4.171002
-2.948037 0.1341924 1.579454 0.5514129 2.22977 0.08903406 2.802079
0.06263792 1.481652 1.888907 -0.5496671 1.130609 1.627025 3.062036
29.08948 3.659135 -3.770861 -0.2151983 0.2579947 3.688024 0.09761813
8.528616 0.9195199 -0.7259756 -0.2917745 2.638095 0.8032839 3.628321
-3.880559 0.03816897 1.744998 -0.7236591 20.75631 0.01905303 -0.2859472
17.82187 0.582764 -3.281816 0.3551817 2.864987 0.4649574 3.162348
15.62083 2.164822 -1.495053 -1.15819 0.4863308 2.24623 4.643795
1.333428 0.1007063 0.4915249 2.289221 0.3041195 0.08814844 4.116225
15.88649 1.00716 -2.404868 1.343888 0.5923002 1.210068 1.033975
30.66188 5.80107 -2.57117 1.116761 0.05504452 5.792329 -0.05190132
9.345428 1.264506 -0.6562529 3.202348 0.7031712 1.220167 3.832235
3.405429 2.761107 1.967403 -1.051662 1.220033 2.916964 4.088749
24.04326 2.641166 -3.249516 -1.135648 0.1645589 2.765222 3.295394
7.642693 1.135306 -0.2690749 -0.6392953 1.844949 1.146336 5.119526
-1.180462 2.118877 2.62447 0.1689318 1.239608 2.108534 0.2662225
-4.317287 0.7723562 2.490218 -0.03570342 8.549054 1.029456 5.85143
-2.819586 1.072357 2.246468 0.7642054 0.630201 1.07453 -0.04899837
17.12781 2.599513 -1.601487 2.158559 0.1495108 2.422393 1.881587
2.896051 0.1077617 0.1105578 -0.6940189 0.6769 0.151449 6.666592
-2.878552 1.657905 2.716547 1.843899 1.280301 1.731108 -0.4342096
-6.22744 0.6560227 2.770539 -1.094254 1.318443 0.565274 2.422641
-3.591226 0.1066893 1.729303 -0.4420565 0.6727112 0.1876731 3.543428
-1.725532 0.1280269 1.259896 -1.892785 5.14213 0.1321096 0.7492683
2.557008 0.04899549 0.1661205 1.338172 0.8711304 0.06571867 3.180521
9.139324 2.758957 0.533311 -0.01783985 1.345217 2.740737 1.786462
-2.50367 2.425495 3.205028 1.117818 1.711899 2.455918 4.379671
17.82701 4.433251 -0.3666749 -0.7102997 1.012482 4.484908 2.403532
14.72414 1.105043 -2.091283 0.5234735 0.7736836 1.230813 -1.583439
5.498042 2.491262 1.235148 -0.1391314 1.209788 2.568153 1.435082
-8.841956 0.1666627 3.04212 -3.473203 0.7597875 -0.02807593 3.709297
20.13542 1.131218 -3.428801 0.4145882 5.383579 1.098126 3.61976
6.865813 0.5653961 -0.5101846 1.507506 0.3650055 0.7231793 4.721022
19.14222 1.085818 -3.192475 -0.06029148 2.350703 1.271276 1.674106
20.07383 1.822647 -2.937537 -0.3935043 2.446994 1.77881 1.430835
-2.033539 3.303736 3.736258 1.647487 0.4502405 3.371011 0.3608793
33.43196 5.426901 -3.495461 0.687352 0.9627904 5.507679 1.347959
14.52007 0.8503762 -2.243488 -0.9702271 1.018231 0.8491402 3.266283
13.82432 0.8876148 -2.038766 -0.6787606 0.7065658 0.9008349 0.4122036
4.568907 0.3611944 -0.1427086 0.2323116 2.044776 0.2809012 1.098361
-8.160989 0.4468455 3.079705 0.3593548 1.006898 0.396341 4.34644
15.58802 2.200889 -1.472929 -4.616714 0.9742992 2.195208 4.392381
36.39209 6.476384 -3.524186 0.7814655 1.272086 6.366873 3.611995
-9.25753 0.1852598 3.207675 -0.3188043 0.7282336 0.1515129 -1.858173
-2.914273 2.605823 3.39435 -0.9110976 5.713446 2.427016 1.165653
8.446147 0.2632943 -1.158869 0.535912 0.271273 0.3412877 5.08268
-9.382476 0.8816795 3.775882 -0.4875161 1.581636 0.8432399 2.682761
11.71381 0.571959 -1.737727 -1.964467 0.4321708 0.5948497 2.852415
-6.907587 0.1578212 2.632786 -0.857565 0.2747808 0.2314759 -1.061968
10.02415 5.696754 2.500502 0.3027719 1.92313 5.60117 -0.2510673
19.58204 3.591285 -1.436423 -2.01798 0.2570839 3.507159 3.968498
-2.734543 2.946451 3.616182 0.7908986 3.570822 2.882392 -0.9426195
-5.467845 0.5739391 2.576937 2.820969 2.131829 0.6571289 6.407013
35.3969 6.353703 -3.269601 -1.365725 1.550276 6.509931 1.865619
15.00762 4.138639 0.09499112 -2.148425 1.317497 4.158828 1.840396
21.87416 5.437944 -0.6166024 -0.8973908 0.8974854 5.450037 4.999663
9.185489 3.041274 0.7927921 0.2327731 0.2050492 3.164256 3.406447
3.565045 0.3167143 0.09722518 -2.260806 0.2816462 0.3650341 -1.920952
20.61712 2.351432 -2.657997 -0.4740417 1.761244 2.326273 2.932328
26.20663 5.311969 -1.740546 -0.7204805 1.453272 5.463615 -0.1254033
-5.250521 1.063755 2.836013 1.105036 2.622334 1.032687 -0.1281899
0.7051085 1.781593 1.905703 0.7824349 0.2372852 1.802837 1.989811
12.03545 0.6658379 -1.714861 -1.570138 1.252229 0.687849 2.507736
15.59536 0.1838428 -2.994342 1.814334 2.844501 0.2665448 4.005701
20.10428 2.17146 -2.577831 0.5244426 1.17879 2.324243 -0.4926298
-1.129248 0.9164832 1.718586 1.302229 1.035875 1.017026 0.4423402
2.207454 0.2802455 0.369148 -1.6428 1.204665 0.2733986 4.393898
4.641947 4.219199 2.689652 -1.135428 0.7056562 4.082342 5.827243
0.2446309 1.410492 1.734008 0.5088795 0.7084881 1.442793 1.97861
-2.24508 0.4376369 1.70725 -0.6604079 0.9914631 0.5725494 -0.2824811
16.50746 0.5788501 -2.993926 0.2009815 1.467307 0.597385 2.93377
7.170238 0.6245122 -0.5587864 -0.9496921 1.076659 0.6429573 2.774912
6.963023 0.8437945 -0.3671351 -1.171133 0.8865768 0.7244344 0.7362021
12.42967 0.4769055 -1.984101 -16.77139 0.6162796 0.5509002 -1.087011
1.202721 2.639185 2.437034 0.4962899 0.2718159 2.553344 1.11417
20.0559 1.167888 -3.412352 -0.5351515 0.9119797 1.293573 1.796051
4.569393 3.891846 2.516133 -0.1937816 0.3227324 3.916989 4.780204
15.34715 4.697621 0.3433004 -0.09485178 4.661856 4.54355 5.613651
10.68936 0.3594118 -1.629198 1.320238 8.276917 0.3589611 -0.5028245
28.15166 6.388738 -1.537022 2.857047 1.482251 6.427739 3.963875
11.76453 3.820607 0.6585085 -3.38307 1.163442 3.913429 1.34508
21.46798 1.682021 -3.35603 -0.2691249 5.944556 1.71734 -2.055181
33.0892 5.28746 -3.55471 1.415055 1.056439 5.300379 1.42524
-6.51799 2.122364 3.992127 1.049943 1.950353 2.187939 0.4542233
12.63216 1.045877 -1.623366 0.8637597 0.7176184 1.030913 0.9500237
-11.75254 0.04636923 3.767249 5.452874 1.786685 0.2281935 6.117261
1.484851 0.1842653 0.4879396 0.2051741 2.12547 0.2609505 1.641913
26.06771 4.450487 -2.4508 -0.8642196 0.9766051 4.468594 3.149843
-8.422818 1.4289 3.935145 -2.930312 6.88194 1.518672 5.06653
34.30893 8.595687 -1.398806 -0.1803116 0.8705398 8.434267 0.4732322
7.046257 0.2956464 -0.8255877 0.8009657 0.3019123 0.2332719 0.2417036
14.78848 0.9811838 -2.204904 -1.513801 1.625177 0.8980276 0.6177439
7.086281 0.8562145 -0.3082656 0.398786 5.31644 0.9830043 3.044608
42.52556 9.344197 -2.916731 0.1633457 0.7820808 9.199176 2.711602
6.12391 2.338104 0.958579 0.4152377 0.2179388 2.31301 2.454049
29.54242 4.166102 -3.514976 0.6175264 0.9828571 4.315576 -0.3216965
24.48275 3.513506 -2.733966 0.005531421 0.8173174 3.509721 0.8925627
8.208863 0.3870893 -0.9305203 -0.8243061 3.721824 0.54074 1.423962
20.31792 1.399295 -3.288503 -0.1376791 0.5754439 1.452239 5.644601
16.66811 0.1864704 -3.242235 0.7767043 0.1500666 0.269064 1.305537
14.27555 0.03255699 -2.755275 1.440478 1.33672 0.12898 6.267979
-3.18168 0.01827552 1.5232 -0.2511946 0.8005288 -0.01551046 0.4023528
-0.7995573 2.552083 2.846946 -10.72046 1.653661 2.509765 2.71931
12.00869 0.5714105 -1.819381 -0.3034699 2.020405 0.6812187 3.550342
-10.84457 0.3805514 3.784446 0.03094701 0.316215 0.4582127 3.802254
10.52003 2.391045 -0.0714962 -0.9293061 1.4194 2.285559 1.884279
5.131838 0.1719651 -0.3655572 1.261474 0.722618 0.3968199 3.271653
-8.537551 0.6794478 3.341724 -0.5598787 0.6111505 0.6330534 0.2101003
8.787034 4.982642 2.288836 1.762736 0.5156632 5.057586 3.147671
21.67992 1.837311 -3.259543 -2.088321 0.7009569 1.915373 -0.2122842
33.254 5.238373 -3.715782 -1.680876 1.811924 5.155804 5.299404
4.28227 1.320665 0.6696639 -1.850499 0.5835615 1.398556 1.383374
-3.630008 2.346547 3.446787 1.885342 1.538462 2.348042 4.437983
-3.303962 1.124407 2.428788 -0.6406619 0.1686032 1.150656 -2.843515
23.35688 2.431116 -3.268368 -0.6441411 0.4852338 2.425395 2.49063
16.09331 2.641596 -1.235953 -0.3926832 0.5078945 2.758014 0.05297382
13.39075 0.07129201 -2.566166 2.20392 1.227499 0.1487098 5.375843
5.683883 0.3794076 -0.4629077 -0.3100237 0.8994669 0.2517316 -0.3407055
10.95937 4.535969 1.430471 0.06365302 0.7958697 4.732451 2.14832
12.71503 7.832141 3.434607 0.6496546 1.987529 7.795052 0.9094775
20.26469 1.90588 -2.908675 -0.2168835 0.5331295 1.888375 1.618037
3.33553 5.039682 3.724712 1.315994 1.169793 4.909904 1.537407
20.11167 1.357057 -3.237136 1.156855 0.2148586 1.441879 1.361589
7.243761 1.84652 0.3069011 0.3175101 3.212853 1.713639 2.554054
1.517605 0.8866718 1.012198 -0.07539205 0.2266459 0.7577722 0.4282417
13.09464 4.62003 1.012043 -0.02844874 0.02826624 4.652592 1.201255
25.37073 2.657167 -3.695898 -0.736186 0.9124614 2.4476 5.827342
26.7351 3.795462 -3.121341 -0.1208899 1.142856 3.644013 -1.367549
-10.85217 0.3650875 3.674298 -0.650322 1.853905 0.349789 1.815891
21.45738 0.8306536 -3.972434 0.6202007 0.4841117 0.8803462 -1.075513
12.1035 1.543866 -1.074662 -1.18786 0.9285403 1.607822 -2.03964
-2.569893 1.975549 2.828855 -0.2967075 0.2120135 1.959451 0.8284589
15.26847 1.226633 -2.123874 1.101133 0.2111379 1.33744 0.5004807
34.7704 7.507392 -2.35218 -2.517787 0.08786426 7.252228 2.204482
-8.726245 0.712667 3.466794 -2.991363 0.4861247 0.7287129 -1.4427
0.4041538 0.09115286 0.6841849 -0.7559016 1.083001 -0.001643892 1.085141
10.12655 0.857296 -1.104061 -1.320662 1.35931 1.026488 2.49117
11.62081 3.539075 0.5208572 2.376102 0.5189578 3.543811 1.663596
0.1650638 2.746421 2.787032 -0.7416844 2.843149 2.844183 4.458093
-7.904193 1.35669 3.7267 -1.584003 3.906956 1.25889 6.562026
27.21922 5.016241 -2.277817 0.9028062 0.2615433 4.990998 4.354598
-0.9421274 0.4514884 1.314597 -0.3512427 0.5216617 0.3826932 0.7957193
4.559893 0.8517293 0.2451233 1.474964 2.048782 0.7805069 -0.05133164
3.851047 0.5043843 0.155842 -1.211005 0.9961806 0.6442832 3.179136
14.253 1.852887 -1.503947 -1.564429 1.334072 1.569447 2.436186
29.59223 4.160572 -3.505968 0.8462286 0.7433601 4.24537 3.176183
4.622159 1.417963 0.6841698 1.3744 0.7191099 1.482515 2.096904
7.249319 6.756274 3.985219 1.435781 0.2072918 6.778967 0.7764207
17.35703 2.905098 -1.452568 0.5668644 0.610195 2.753203 3.463294
4.692474 0.6021676 0.03759585 1.663367 0.6115546 0.6000714 5.029198
10.43406 0.1842072 -1.687821 -0.4384975 1.235592 0.2493533 2.433066
20.62147 6.85902 0.7445193 -1.857325 0.9002786 6.841565 1.918607
-4.30655 0.1088426 1.939528 -1.130552 1.953664 0.243371 3.310757
20.68009 3.368322 -1.864245 -0.4984331 0.9037336 3.508414 2.48565
2.593931 3.465964 2.687942 -0.2221491 0.2420154 3.35632 1.426643
-8.874789 1.380736 3.959668 0.0446655 1.174428 1.367745 6.19899
-6.940562 0.05182922 2.460119 -1.432806 0.1796 -0.1341726 3.470343
43.63916 18.39564 3.670223 -0.7706913 6.001478 18.40946 1.020682
-7.603215 0.5754937 3.138445 0.8038671 0.4680764 0.6350799 0.8830443
10.51744 7.074888 3.402056 -0.2692198 0.8189502 6.955516 1.845331
4.441992 2.013157 1.134048 0.02037827 0.3984237 2.203863 2.802475
9.904961 2.300577 -0.04797819 -0.1905225 0.8390501 2.296303 2.662175
0.4752411 3.216149 3.050143 0.8337668 2.26839 3.120672 2.55375
3.710425 2.529325 1.672822 -0.8369281 0.7963804 2.439398 1.294661
0.25529 1.821056 2.005437 -0.8302279 2.122377 1.737045 5.0737
13.05987 2.791978 -0.4590474 0.8851979 2.080439 2.729871 3.918745
5.572458 1.597071 0.5525941 -1.296431 0.2685184 1.391113 1.979169
13.67204 4.866155 0.9976046 0.9795863 0.2327023 4.718217 4.498721
19.31073 0.6707868 -3.574685 -0.4826007 1.902385 0.7236346 1.254275
32.93358 4.873518 -3.863353 0.9598507 0.9432729 4.704024 3.498179
27.81621 6.102715 -1.622966 0.875692 1.393059 6.051322 0.857219
-4.443273 0.2001586 2.004536 -0.1170154 0.5082116 0.2153735 2.629867
34.46109 8.453185 -1.55766 0.5815174 0.5704554 8.43219 -0.7140506
3.647255 2.225512 1.514211 0.9975971 1.126229 2.301742 -0.3824341
7.930355 5.438466 2.794369 0.9280062 0.9877287 5.297223 0.6762859
9.944527 3.646822 1.010045 0.8576594 1.058836 3.747507 3.671899
13.80918 0.07548439 -2.633542 0.1612445 0.3021741 0.1227137 -0.5608753
-0.04085267 1.152096 1.670986 0.4159021 0.3622878 1.322451 2.754488
8.054595 1.074468 -0.4178402 -0.01701064 0.8713432 1.266095 2.110726
16.58468 0.3499804 -3.15988 -0.09606652 1.29128 0.2771675 3.437687
15.68723 6.757044 1.887704 0.2420179 0.895325 6.660385 -3.92996
12.59874 4.668487 1.070195 -0.7740471 0.7662759 4.602241 1.304635
8.406136 3.644817 1.458636 -1.014286 2.293025 3.727738 2.996024
-3.166486 1.880066 2.957846 -1.156455 0.9610003 1.960794 3.574401
12.1347 0.3815567 -1.974013 0.1072494 0.7335511 0.4818429 7.792974
19.13057 1.05388 -3.255443 0.1476015 1.273444 1.032458 1.752812
21.58613 2.288947 -2.980881 0.807287 0.3791937 2.230388 0.3087136
40.21297 11.02724 -0.9900795 -0.9129755 0.08907871 11.15101 1.364639
11.82293 7.000886 3.050285 0.2316613 0.2002931 6.969374 3.82091
9.413131 0.4592223 -1.285902 -1.706187 1.297779 0.3925033 3.383702
-4.594824 0.1959971 2.082143 -0.4831045 1.091034 0.1962488 2.982745
17.99501 0.8882838 -3.099391 0.1765116 0.2729262 0.7804342 2.014655
16.65528 0.9698046 -2.672445 0.0669134 0.7512093 1.023923 0.6971701
20.40886 2.656166 -2.371826 0.1598366 0.9792056 2.646705 0.1441215
7.079294 0.6478646 -0.4838668 0.5500184 0.6252018 0.6746404 1.27382
9.348883 1.685408 -0.3859979 0.08231029 0.3338016 1.613626 3.418004
2.084225 2.389272 1.950534 -2.720684 1.63848 2.342265 -1.160087
7.511768 2.071953 0.3966627 1.10648 0.3758422 1.966074 1.962003
16.19731 5.024007 0.4593431 -1.046595 1.333224 5.00091 2.969141
17.2816 6.750997 1.412314 0.7905499 0.234074 6.586436 4.187497
16.6702 2.800799 -1.338063 2.411148 1.138102 2.72726 2.47474
3.65241 5.472505 3.956051 -0.6998307 0.3600142 5.493991 0.2385146
15.41063 1.881432 -1.668032 0.921818 0.3871462 2.007901 -0.2088979
20.07804 2.844467 -2.139609 1.917379 0.1003548 2.756731 1.157551
-3.81385 2.576441 3.67589 -1.158339 0.4783238 2.678815 2.317712
5.311913 1.111377 0.3030578 -1.398737 0.8772519 1.1188 3.406734
14.14732 2.246558 -1.090502 0.5721473 3.581112 2.336719 5.639259
8.137639 2.156462 0.3825098 7.017336 0.1851409 2.250036 4.185762
6.907444 3.358641 1.522809 -0.891172 1.812281 3.382441 0.3080084
-9.888948 0.2098355 3.306936 -0.5815394 0.7926164 0.1409687 3.799001
-3.002359 1.358849 2.509298 0.6609202 1.238003 1.394383 3.970466
10.12422 6.627873 3.185614 -2.440808 0.6758623 6.725467 2.662473
5.573453 1.979331 0.9196816 -1.576366 0.2128136 2.079297 2.290828
20.2746 1.068549 -3.497387 0.2134912 1.075858 1.123294 5.47825
5.170772 4.062233 2.529117 -2.911874 0.246359 4.090178 1.796314
28.44028 8.014936 -0.3599315 1.240026 0.0349492 7.86779 5.040274
14.63557 1.990359 -1.376145 0.8215927 1.148436 1.979887 1.338273
14.5105 1.134981 -2.095782 1.539714 1.518647 0.9307354 1.767929
8.089216 3.998996 1.722945 -2.006203 1.347917 3.985694 4.769005
-1.85253 0.2217128 1.359707 0.4256619 0.1467143 0.2720483 1.061308
-4.511368 1.476896 2.969675 1.113731 7.024067 1.472761 3.625164
3.657307 1.549742 0.9963111 0.02454751 1.472535 1.567148 4.884682
19.64015 2.534793 -2.251453 0.4915436 1.659182 2.536731 3.109337
9.431524 5.992296 2.866608 -0.4033185 1.005767 5.850423 1.054177
-9.473521 0.9176136 3.838533 0.4026641 1.237835 1.104134 1.732657
19.5343 0.4379489 -3.763348 1.06306 1.843776 0.5310479 4.693388
4.372276 1.633718 0.8929249 -6.947761 0.1355214 1.525372 1.857516
4.00511 3.652665 2.476165 -1.262 1.587196 3.539907 2.990579
9.208626 7.351637 3.932317 1.90112 2.194004 7.281848 1.546915
1.884181 0.2728328 0.567747 -0.5346046 1.797144 0.4195995 -0.6427622
7.435916 0.1503061 -0.9985938 0.1869936 3.310714 0.0435928 4.495469
13.77499 6.293934 2.010293 0.825252 2.016032 6.174031 4.342546
24.45041 2.506902 -3.46229 -1.262881 0.223519 2.630792 2.913157
18.21654 0.6715574 -3.339473 0.5930144 2.209724 0.557093 1.117506
-5.558881 1.13282 2.956018 -0.09872281 0.7472733 1.086433 3.743312
8.061333 0.6778902 -0.8709447 0.6964528 1.311262 0.341032 0.9280819
18.61625 1.304241 -2.934665 2.43542 0.6592323 1.312549 2.747712
13.39103 2.782972 -0.4664308 3.129437 0.04723394 2.867916 -1.463832
13.65908 4.297796 0.5355253 2.014177 1.7243 4.255218 3.844947
12.78411 2.253041 -0.74677 -1.469418 2.480563 2.32897 3.016995
5.028494 0.3183971 -0.2674677 -3.475653 0.6439549 0.4422568 1.00581
2.332396 2.050721 1.670991 0.4000237 3.302268 1.914384 0.2818213
11.8373 1.511625 -1.062772 -0.6378628 0.9253376 1.431846 0.02086009
18.35824 0.2935205 -3.674379 2.144411 0.9821343 0.3044605 -2.643855
-8.051181 0.9034416 3.457618 -0.6394659 0.637133 0.9150354 3.509667
0.5601571 3.997696 3.583778 0.8755289 1.731217 4.026021 0.4622306
18.35392 0.1294706 -3.703424 -0.6740912 0.6381572 0.2411177 2.155886
6.654398 0.1513143 -0.8318882 0.0643259 4.575517 0.007422293 1.020748
-0.3238142 1.219412 1.746706 -1.828642 0.872083 1.2744 4.098865
23.90334 2.445558 -3.277998 0.5859327 0.5030542 2.670367 5.268751
15.49146 2.294879 -1.413839 0.02783183 4.135053 2.211287 4.696673
-5.997236 1.826616 3.599439 -0.006097515 0.7474066 1.757514 1.525373
-5.923103 1.49356 3.323871 -3.288346 2.132448 1.361609 3.152494
19.11413 2.480852 -2.141862 -0.250113 1.81141 2.573577 0.8953226
6.636956 0.6861399 -0.3674987 -0.4131809 4.785579 0.731932 0.4758783
