29.33841 3.420368
-14.99204 -2.107784
30.3968 3.563524
55.27821 6.655
48.72461 5.833867
3.775849 0.2256397
8.600512 0.8453589
29.30132 3.412954
34.54464 4.064219
39.47143 4.6949
51.80626 6.241763
30.13416 3.513384
6.126408 0.5120896
11.59179 1.189352
18.53105 2.05097
35.93515 4.23151
48.81854 5.834755
39.43893 4.672702
21.46319 2.452573
41.25249 4.887681
17.12821 1.873974
49.54158 5.95622
8.435149 0.7931642
2.243908 0.02898671
15.89343 1.725782
-5.581284 -0.9597822
-6.798361 -1.115896
4.157989 0.2529999
46.62319 5.582885
-9.152041 -1.39181
-12.09952 -1.78094
23.92754 2.748672
26.6675 3.065211
16.6176 1.822996
-20.6632 -2.851564
-19.22312 -2.675542
-8.692938 -1.342042
16.29842 1.797352
22.67284 2.585974
8.508555 0.8350295
15.05357 1.617393
0.5281183 -0.1817285
20.87497 2.365892
55.76214 6.709799
-2.537827 -0.5435597
2.767678 0.1151175
50.94786 6.104736
-19.99717 -2.754725
31.40565 3.678193
3.950312 0.2615506
36.43442 4.296976
35.23126 4.145912
0.690562 -0.1671519
34.11808 4.017291
14.447 1.555566
-7.083724 -1.118503
54.48001 6.573473
53.92228 6.489554
-2.993335 -0.6346453
-5.268074 -0.9104799
-14.29349 -2.026627
48.62443 5.824348
35.59424 4.207597
44.5688 5.312042
55.32985 6.66109
8.156326 0.7555972
1.05687 -0.1258644
-2.789674 -0.5902601
26.43521 3.041452
33.61946 3.951512
6.190522 0.5333068
-13.9707 -1.994592
14.69974 1.571777
3.090859 0.1507235
15.64738 1.699686
50.85194 6.12156
-20.8676 -2.837396
57.0883 6.88591
-4.332546 -0.802034
-5.778582 -0.9723683
44.84136 5.384531
46.24875 5.541939
22.19691 2.498201
26.8497 3.10666
54.22908 6.532891
48.02333 5.720801
51.2796 6.152195
25.84384 2.973244
21.22516 2.411171
-10.63647 -1.549751
50.63798 6.090148
50.27387 6.021227
8.000575 0.7723927
38.62763 4.600184
25.24409 2.909419
26.73665 3.08939
47.99665 5.753136
-19.09784 -2.638891
-12.6058 -1.833473
25.74854 2.978107
